pdb_file,patch_alignment_score,chain_patch_consistency_score,avg_patch_score
complex.0_0_29_corrected_H_0001,"(0.009633911368015413, 0.009708737864077669, 0.009708737864077669)"
complex.0_0_46_corrected_H_0001,"(0.009633911368015413, 0.009708737864077669, 0.009708737864077669)"
complex.0_0_9_corrected_H_0001,"(0.017341040462427744, 0.017475728155339806, 0.017475728155339806)"
complex.0_10_14_corrected_H_0001,"(0.036608863198458574, 0.031067961165048542, 0.03067961165048544)"
complex.0_10_29_corrected_H_0001,"(0.03468208092485549, 0.031067961165048542, 0.03029126213592233)"
complex.0_10_37_corrected_H_0001,"(0.023121387283236993, 0.021359223300970873, 0.02174757281553398)"
complex.0_10_6_corrected_H_0001,"(0.03468208092485549, 0.027184466019417475, 0.027184466019417475)"
complex.0_10_7_corrected_H_0001,"(0.028901734104046242, 0.027184466019417475, 0.027572815533980582)"
complex.0_11_10_corrected_H_0001,"(0.025048169556840076, 0.02330097087378641, 0.023689320388349512)"
complex.0_11_21_corrected_H_0001,"(0.03468208092485549, 0.027184466019417475, 0.027184466019417475)"
complex.0_11_39_corrected_H_0001,"(0.02119460500963391, 0.015533980582524271, 0.015145631067961164)"
complex.0_11_44_corrected_H_0001,"(0.038535645472061654, 0.02330097087378641, 0.024854368932038837)"
complex.0_12_18_corrected_H_0001,"(0.04431599229287091, 0.02912621359223301, 0.03067961165048544)"
complex.0_12_31_corrected_H_0001,"(0.036608863198458574, 0.02912621359223301, 0.02912621359223301)"
complex.0_12_3_corrected_H_0001,"(0.04238921001926782, 0.027184466019417475, 0.028737864077669904)"
complex.0_12_4_corrected_H_0001,"(0.02697495183044316, 0.02524271844660194, 0.025631067961165047)"
complex.0_13_19_corrected_H_0001,"(0.046242774566473986, 0.031067961165048542, 0.03262135922330097)"
complex.0_13_21_corrected_H_0001,"(0.04431599229287091, 0.02912621359223301, 0.03067961165048544)"
complex.0_13_44_corrected_H_0001,"(0.04431599229287091, 0.02912621359223301, 0.03067961165048544)"
complex.0_13_9_corrected_H_0001,"(0.03468208092485549, 0.029069767441860465, 0.029069767441860465)"
complex.0_14_14_corrected_H_0001,"(0.04238921001926782, 0.027184466019417475, 0.028737864077669904)"
complex.0_14_16_corrected_H_0001,"(0.03275529865125241, 0.02912621359223301, 0.028349514563106797)"
complex.0_14_19_corrected_H_0001,"(0.04238921001926782, 0.027184466019417475, 0.028737864077669904)"
complex.0_14_22_corrected_H_0001,"(0.04238921001926782, 0.027184466019417475, 0.028737864077669904)"
complex.0_14_26_corrected_H_0001,"(0.04431599229287091, 0.02912621359223301, 0.03067961165048544)"
complex.0_14_35_corrected_H_0001,"(0.046242774566473986, 0.031067961165048542, 0.03262135922330097)"
complex.0_14_40_corrected_H_0001,"(0.04431599229287091, 0.02912621359223301, 0.03067961165048544)"
complex.0_15_0_corrected_H_0001,"(0.04238921001926782, 0.027184466019417475, 0.028737864077669904)"
complex.0_15_15_corrected_H_0001,"(0.030828516377649325, 0.027184466019417475, 0.02640776699029126)"
complex.0_15_25_corrected_H_0001,"(0.036608863198458574, 0.031007751937984496, 0.031007751937984496)"
complex.0_15_3_corrected_H_0001,"(0.036608863198458574, 0.031007751937984496, 0.031007751937984496)"
complex.0_15_40_corrected_H_0001,"(0.04238921001926782, 0.027184466019417475, 0.028737864077669904)"
complex.0_15_46_corrected_H_0001,"(0.04238921001926782, 0.03300970873786408, 0.033398058252427185)"
complex.0_16_11_corrected_H_0001,"(0.04238921001926782, 0.027184466019417475, 0.028737864077669904)"
complex.0_16_15_corrected_H_0001,"(0.036608863198458574, 0.02912621359223301, 0.02912621359223301)"
complex.0_16_21_corrected_H_0001,"(0.04431599229287091, 0.02912621359223301, 0.03067961165048544)"
complex.0_16_35_corrected_H_0001,"(0.04431599229287091, 0.02912621359223301, 0.03067961165048544)"
complex.0_16_38_corrected_H_0001,"(0.04431599229287091, 0.02912621359223301, 0.03067961165048544)"
complex.0_16_46_corrected_H_0001,"(0.04431599229287091, 0.02912621359223301, 0.03067961165048544)"
complex.0_16_6_corrected_H_0001,"(0.04431599229287091, 0.02912621359223301, 0.03067961165048544)"
complex.0_16_9_corrected_H_0001,"(0.036608863198458574, 0.02912621359223301, 0.02912621359223301)"
complex.0_17_10_corrected_H_0001,"(0.04431599229287091, 0.02912621359223301, 0.03067961165048544)"
complex.0_17_21_corrected_H_0001,"(0.04431599229287091, 0.02912621359223301, 0.03067961165048544)"
complex.0_17_30_corrected_H_0001,"(0.046242774566473986, 0.031067961165048542, 0.03262135922330097)"
complex.0_17_36_corrected_H_0001,"(0.046242774566473986, 0.031067961165048542, 0.03262135922330097)"
complex.0_17_42_corrected_H_0001,"(0.04816955684007707, 0.03300970873786408, 0.03456310679611651)"
complex.0_17_7_corrected_H_0001,"(0.038535645472061654, 0.031067961165048542, 0.031067961165048542)"
complex.0_18_22_corrected_H_0001,"(0.04431599229287091, 0.02912621359223301, 0.03067961165048544)"
complex.0_18_28_corrected_H_0001,"(0.046242774566473986, 0.031067961165048542, 0.03262135922330097)"
complex.0_18_29_corrected_H_0001,"(0.04431599229287091, 0.02912621359223301, 0.03067961165048544)"
complex.0_18_38_corrected_H_0001,"(0.046242774566473986, 0.031067961165048542, 0.03262135922330097)"
complex.0_18_3_corrected_H_0001,"(0.036608863198458574, 0.031007751937984496, 0.031007751937984496)"
complex.0_1_22_corrected_H_0001,"(0.01348747591522158, 0.011650485436893204, 0.012038834951456311)"
complex.0_1_31_corrected_H_0001,"(0.015414258188824663, 0.015503875968992248, 0.015503875968992248)"
complex.0_1_45_corrected_H_0001,"(0.01348747591522158, 0.009708737864077669, 0.010485436893203885)"
complex.0_1_48_corrected_H_0001,"(0.017341040462427744, 0.015533980582524271, 0.015922330097087378)"
complex.0_2_0_corrected_H_0001,"(0.019267822736030827, 0.017475728155339806, 0.01786407766990291)"
complex.0_2_21_corrected_H_0001,"(0.007707129094412331, 0.003883495145631068, 0.004660194174757281)"
complex.0_2_34_corrected_H_0001,"(0.015414258188824663, 0.011650485436893204, 0.012427184466019418)"
complex.0_3_15_corrected_H_0001,"(0.011560693641618497, 0.011650485436893204, 0.011650485436893204)"
complex.0_3_16_corrected_H_0001,"(0.017341040462427744, 0.017475728155339806, 0.017475728155339806)"
complex.0_3_18_corrected_H_0001,"(0.015414258188824663, 0.015533980582524271, 0.015533980582524271)"
complex.0_3_1_corrected_H_0001,"(0.009633911368015413, 0.005825242718446602, 0.005048543689320389)"
complex.0_3_23_corrected_H_0001,"(0.017341040462427744, 0.017475728155339806, 0.017475728155339806)"
complex.0_3_26_corrected_H_0001,"(0.01348747591522158, 0.013592233009708738, 0.013592233009708738)"
complex.0_3_41_corrected_H_0001,"(0.005780346820809248, 0.005825242718446602, 0.005825242718446602)"
complex.0_3_46_corrected_H_0001,"(0.02119460500963391, 0.013592233009708738, 0.013592233009708738)"
complex.0_4_1_corrected_H_0001,"(0.015414258188824663, 0.011650485436893204, 0.012427184466019418)"
complex.0_4_30_corrected_H_0001,"(0.011560693641618497, 0.007766990291262136, 0.00854368932038835)"
complex.0_4_34_corrected_H_0001,"(0.01348747591522158, 0.013592233009708738, 0.013592233009708738)"
complex.0_4_45_corrected_H_0001,"(0.01348747591522158, 0.013592233009708738, 0.013592233009708738)"
complex.0_5_0_corrected_H_0001,"(0.036608863198458574, 0.031067961165048542, 0.03067961165048544)"
complex.0_5_24_corrected_H_0001,"(0.017341040462427744, 0.013592233009708738, 0.014368932038834952)"
complex.0_5_34_corrected_H_0001,"(0.015414258188824663, 0.011650485436893204, 0.012427184466019418)"
complex.0_5_4_corrected_H_0001,"(0.009633911368015413, 0.005825242718446602, 0.006601941747572815)"
complex.0_6_22_corrected_H_0001,"(0.017341040462427744, 0.013592233009708738, 0.012815533980582524)"
complex.0_6_31_corrected_H_0001,"(0.015414258188824663, 0.015533980582524271, 0.015533980582524271)"
complex.0_6_38_corrected_H_0001,"(0.038535645472061654, 0.02330097087378641, 0.024854368932038837)"
complex.0_6_41_corrected_H_0001,"(0.02697495183044316, 0.021359223300970873, 0.02097087378640777)"
complex.0_6_43_corrected_H_0001,"(0.02697495183044316, 0.02524271844660194, 0.025631067961165047)"
complex.0_6_45_corrected_H_0001,"(0.02697495183044316, 0.027184466019417475, 0.027184466019417475)"
complex.0_6_46_corrected_H_0001,"(0.028901734104046242, 0.021359223300970873, 0.021359223300970873)"
complex.0_7_12_corrected_H_0001,"(0.025048169556840076, 0.025145067698259187, 0.025145067698259187)"
complex.0_7_1_corrected_H_0001,"(0.04046242774566474, 0.03300970873786408, 0.03300970873786408)"
complex.0_7_26_corrected_H_0001,"(0.04238921001926782, 0.027184466019417475, 0.028737864077669904)"
complex.0_7_28_corrected_H_0001,"(0.015414258188824663, 0.013592233009708738, 0.013980582524271845)"
complex.0_7_38_corrected_H_0001,"(0.025048169556840076, 0.02524271844660194, 0.02524271844660194)"
complex.0_7_47_corrected_H_0001,"(0.023121387283236993, 0.017475728155339806, 0.0170873786407767)"
complex.0_8_11_corrected_H_0001,"(0.03468208092485549, 0.029069767441860465, 0.029069767441860465)"
complex.0_8_21_corrected_H_0001,"(0.025048169556840076, 0.025145067698259187, 0.025145067698259187)"
complex.0_8_22_corrected_H_0001,"(0.023121387283236993, 0.019417475728155338, 0.020194174757281556)"
complex.0_8_25_corrected_H_0001,"(0.023121387283236993, 0.021359223300970873, 0.02174757281553398)"
complex.0_8_2_corrected_H_0001,"(0.036608863198458574, 0.02912621359223301, 0.02912621359223301)"
complex.0_8_39_corrected_H_0001,"(0.036608863198458574, 0.02912621359223301, 0.02912621359223301)"
complex.0_8_8_corrected_H_0001,"(0.02697495183044316, 0.02131782945736434, 0.02131782945736434)"
complex.0_8_9_corrected_H_0001,"(0.028901734104046242, 0.02330097087378641, 0.0229126213592233)"
complex.0_9_15_corrected_H_0001,"(0.025048169556840076, 0.021359223300970873, 0.02058252427184466)"
complex.0_9_22_corrected_H_0001,"(0.04238921001926782, 0.027184466019417475, 0.028737864077669904)"
complex.0_9_33_corrected_H_0001,"(0.02119460500963391, 0.021359223300970873, 0.021359223300970873)"
complex.0_9_43_corrected_H_0001,"(0.023121387283236993, 0.02330097087378641, 0.02330097087378641)"
complex.1_0_15_corrected_H_0001,"(0.011560693641618497, 0.011650485436893204, 0.011650485436893204)"
complex.1_0_20_corrected_H_0001,"(0.025048169556840076, 0.02131782945736434, 0.022286821705426358)"
complex.1_0_34_corrected_H_0001,"(0.007707129094412331, 0.007766990291262136, 0.007766990291262136)"
complex.1_0_39_corrected_H_0001,"(0.019267822736030827, 0.015533980582524271, 0.016310679611650485)"
complex.1_0_40_corrected_H_0001,"(0.01348747591522158, 0.009708737864077669, 0.010485436893203885)"
complex.1_0_41_corrected_H_0001,"(0.007707129094412331, 0.007751937984496124, 0.007751937984496124)"
complex.1_0_43_corrected_H_0001,"(0.01348747591522158, 0.013592233009708738, 0.013592233009708738)"
complex.1_0_48_corrected_H_0001,"(0.007707129094412331, 0.007766990291262136, 0.007766990291262136)"
complex.1_10_10_corrected_H_0001,"(0.02697495183044316, 0.02524271844660194, 0.025631067961165047)"
complex.1_10_11_corrected_H_0001,"(0.03468208092485549, 0.027184466019417475, 0.027184466019417475)"
complex.1_10_27_corrected_H_0001,"(0.03275529865125241, 0.027184466019417475, 0.026796116504854372)"
complex.1_10_30_corrected_H_0001,"(0.04238921001926782, 0.027184466019417475, 0.028737864077669904)"
complex.1_10_35_corrected_H_0001,"(0.04046242774566474, 0.02524271844660194, 0.026796116504854372)"
complex.1_10_9_corrected_H_0001,"(0.04431599229287091, 0.02912621359223301, 0.03067961165048544)"
complex.1_11_0_corrected_H_0001,"(0.03468208092485549, 0.031067961165048542, 0.031844660194174756)"
complex.1_11_12_corrected_H_0001,"(0.046242774566473986, 0.031067961165048542, 0.03262135922330097)"
complex.1_11_26_corrected_H_0001,"(0.028901734104046242, 0.025193798449612403, 0.02680878552971576)"
complex.1_11_5_corrected_H_0001,"(0.046242774566473986, 0.031067961165048542, 0.03262135922330097)"
complex.1_12_12_corrected_H_0001,"(0.04431599229287091, 0.02912621359223301, 0.03067961165048544)"
complex.1_12_26_corrected_H_0001,"(0.03468208092485549, 0.027184466019417475, 0.027184466019417475)"
complex.1_12_28_corrected_H_0001,"(0.03275529865125241, 0.027184466019417475, 0.026796116504854372)"
complex.1_12_35_corrected_H_0001,"(0.03275529865125241, 0.02912621359223301, 0.028349514563106797)"
complex.1_12_36_corrected_H_0001,"(0.04238921001926782, 0.027184466019417475, 0.028737864077669904)"
complex.1_12_42_corrected_H_0001,"(0.03275529865125241, 0.027184466019417475, 0.026796116504854372)"
complex.1_12_47_corrected_H_0001,"(0.03468208092485549, 0.02912621359223301, 0.028737864077669904)"
complex.1_12_5_corrected_H_0001,"(0.046242774566473986, 0.031067961165048542, 0.03262135922330097)"
complex.1_12_6_corrected_H_0001,"(0.046242774566473986, 0.031067961165048542, 0.03262135922330097)"
complex.1_13_0_corrected_H_0001,"(0.036608863198458574, 0.031007751937984496, 0.031007751937984496)"
complex.1_13_13_corrected_H_0001,"(0.046242774566473986, 0.031067961165048542, 0.03262135922330097)"
complex.1_13_22_corrected_H_0001,"(0.04046242774566474, 0.03300970873786408, 0.03300970873786408)"
complex.1_13_38_corrected_H_0001,"(0.03468208092485549, 0.029069767441860465, 0.029069767441860465)"
complex.1_13_46_corrected_H_0001,"(0.04431599229287091, 0.02912621359223301, 0.03067961165048544)"
complex.1_13_6_corrected_H_0001,"(0.030828516377649325, 0.02524271844660194, 0.024854368932038837)"
complex.1_14_1_corrected_H_0001,"(0.046242774566473986, 0.031067961165048542, 0.03262135922330097)"
complex.1_14_20_corrected_H_0001,"(0.038535645472061654, 0.031067961165048542, 0.031067961165048542)"
complex.1_14_23_corrected_H_0001,"(0.04238921001926782, 0.027184466019417475, 0.028737864077669904)"
complex.1_14_30_corrected_H_0001,"(0.046242774566473986, 0.031067961165048542, 0.03262135922330097)"
complex.1_14_37_corrected_H_0001,"(0.036608863198458574, 0.02912621359223301, 0.02912621359223301)"
complex.1_14_47_corrected_H_0001,"(0.04046242774566474, 0.03300970873786408, 0.03300970873786408)"
complex.1_14_4_corrected_H_0001,"(0.04238921001926782, 0.027184466019417475, 0.028737864077669904)"
complex.1_14_9_corrected_H_0001,"(0.04431599229287091, 0.02912621359223301, 0.03067961165048544)"
complex.1_15_11_corrected_H_0001,"(0.04238921001926782, 0.027184466019417475, 0.028737864077669904)"
complex.1_15_18_corrected_H_0001,"(0.046242774566473986, 0.031067961165048542, 0.03262135922330097)"
complex.1_15_23_corrected_H_0001,"(0.036608863198458574, 0.02912621359223301, 0.02912621359223301)"
complex.1_15_28_corrected_H_0001,"(0.04431599229287091, 0.02912621359223301, 0.03067961165048544)"
complex.1_15_43_corrected_H_0001,"(0.04238921001926782, 0.027184466019417475, 0.028737864077669904)"
complex.1_16_13_corrected_H_0001,"(0.04431599229287091, 0.02912621359223301, 0.03067961165048544)"
complex.1_16_16_corrected_H_0001,"(0.04431599229287091, 0.02912621359223301, 0.03067961165048544)"
complex.1_16_24_corrected_H_0001,"(0.03468208092485549, 0.027184466019417475, 0.027184466019417475)"
complex.1_16_34_corrected_H_0001,"(0.04431599229287091, 0.02912621359223301, 0.03067961165048544)"
complex.1_16_36_corrected_H_0001,"(0.05394990366088632, 0.02529182879377432, 0.028534370946822308)"
complex.1_17_13_corrected_H_0001,"(0.036608863198458574, 0.02912621359223301, 0.02912621359223301)"
complex.1_17_15_corrected_H_0001,"(0.04431599229287091, 0.02912621359223301, 0.03067961165048544)"
complex.1_17_18_corrected_H_0001,"(0.04431599229287091, 0.02912621359223301, 0.03067961165048544)"
complex.1_17_37_corrected_H_0001,"(0.036608863198458574, 0.031007751937984496, 0.031007751937984496)"
complex.1_17_39_corrected_H_0001,"(0.04238921001926782, 0.027184466019417475, 0.028737864077669904)"
complex.1_17_40_corrected_H_0001,"(0.04431599229287091, 0.02912621359223301, 0.03067961165048544)"
complex.1_17_8_corrected_H_0001,"(0.04238921001926782, 0.027184466019417475, 0.028737864077669904)"
complex.1_18_20_corrected_H_0001,"(0.04431599229287091, 0.02912621359223301, 0.03067961165048544)"
complex.1_18_32_corrected_H_0001,"(0.04046242774566474, 0.03294573643410853, 0.03343023255813953)"
complex.1_18_40_corrected_H_0001,"(0.046242774566473986, 0.031067961165048542, 0.03262135922330097)"
complex.1_18_8_corrected_H_0001,"(0.04431599229287091, 0.02912621359223301, 0.03067961165048544)"
complex.1_19_0_corrected_H_0001,"(0.04431599229287091, 0.02912621359223301, 0.03067961165048544)"
complex.1_1_18_corrected_H_0001,"(0.017341040462427744, 0.015473887814313346, 0.016118633139909733)"
complex.1_1_28_corrected_H_0001,"(0.011560693641618497, 0.011627906976744186, 0.011627906976744186)"
complex.1_1_34_corrected_H_0001,"(0.02119460500963391, 0.017475728155339806, 0.01825242718446602)"
complex.1_2_12_corrected_H_0001,"(0.011560693641618497, 0.007751937984496124, 0.00872093023255814)"
complex.1_2_16_corrected_H_0001,"(0.01348747591522158, 0.009708737864077669, 0.010485436893203885)"
complex.1_2_20_corrected_H_0001,"(0.019267822736030827, 0.017475728155339806, 0.01786407766990291)"
complex.1_2_29_corrected_H_0001,"(0.015414258188824663, 0.015533980582524271, 0.015533980582524271)"
complex.1_3_12_corrected_H_0001,"(0.019267822736030827, 0.015533980582524271, 0.014757281553398057)"
complex.1_3_21_corrected_H_0001,"(0.02119460500963391, 0.013592233009708738, 0.013592233009708738)"
complex.1_3_43_corrected_H_0001,"(0.011560693641618497, 0.011627906976744186, 0.011627906976744186)"
complex.1_3_48_corrected_H_0001,"(0.01348747591522158, 0.013592233009708738, 0.013592233009708738)"
complex.1_3_49_corrected_H_0001,"(0.02119460500963391, 0.021359223300970873, 0.021359223300970873)"
complex.1_3_4_corrected_H_0001,"(0.02119460500963391, 0.013592233009708738, 0.013592233009708738)"
complex.1_3_8_corrected_H_0001,"(0.019267822736030827, 0.019417475728155338, 0.019417475728155338)"
complex.1_4_10_corrected_H_0001,"(0.015414258188824663, 0.015533980582524271, 0.015533980582524271)"
complex.1_4_46_corrected_H_0001,"(0.019267822736030827, 0.01937984496124031, 0.01937984496124031)"
complex.1_5_12_corrected_H_0001,"(0.017341040462427744, 0.017475728155339806, 0.017475728155339806)"
complex.1_5_13_corrected_H_0001,"(0.019267822736030827, 0.015533980582524271, 0.016310679611650485)"
complex.1_5_14_corrected_H_0001,"(0.03275529865125241, 0.03300970873786408, 0.03300970873786408)"
complex.1_5_16_corrected_H_0001,"(0.015414258188824663, 0.013592233009708738, 0.013980582524271845)"
complex.1_5_18_corrected_H_0001,"(0.030828516377649325, 0.027184466019417475, 0.02640776699029126)"
complex.1_5_30_corrected_H_0001,"(0.015414258188824663, 0.011650485436893204, 0.012427184466019418)"
complex.1_5_36_corrected_H_0001,"(0.015414258188824663, 0.011650485436893204, 0.01087378640776699)"
complex.1_5_45_corrected_H_0001,"(0.01348747591522158, 0.011650485436893204, 0.012038834951456311)"
complex.1_6_13_corrected_H_0001,"(0.036608863198458574, 0.021359223300970873, 0.0229126213592233)"
complex.1_6_23_corrected_H_0001,"(0.01348747591522158, 0.009708737864077669, 0.010485436893203885)"
complex.1_7_3_corrected_H_0001,"(0.025048169556840076, 0.017475728155339806, 0.017475728155339806)"
complex.1_7_41_corrected_H_0001,"(0.023121387283236993, 0.017475728155339806, 0.0170873786407767)"
complex.1_7_9_corrected_H_0001,"(0.023121387283236993, 0.02330097087378641, 0.02330097087378641)"
complex.1_8_16_corrected_H_0001,"(0.028901734104046242, 0.02330097087378641, 0.0229126213592233)"
complex.1_8_28_corrected_H_0001,"(0.030828516377649325, 0.02330097087378641, 0.02330097087378641)"
complex.1_8_29_corrected_H_0001,"(0.028901734104046242, 0.02524271844660194, 0.024466019417475726)"
complex.1_8_32_corrected_H_0001,"(0.038535645472061654, 0.03294573643410853, 0.03294573643410853)"
complex.1_8_3_corrected_H_0001,"(0.025048169556840076, 0.02524271844660194, 0.02524271844660194)"
complex.1_8_49_corrected_H_0001,"(0.028901734104046242, 0.025193798449612403, 0.02680878552971576)"
complex.1_9_11_corrected_H_0001,"(0.038535645472061654, 0.03300970873786408, 0.03262135922330097)"
complex.1_9_12_corrected_H_0001,"(0.046242774566473986, 0.031067961165048542, 0.03262135922330097)"
complex.1_9_1_corrected_H_0001,"(0.04046242774566474, 0.02524271844660194, 0.026796116504854372)"
complex.1_9_2_corrected_H_0001,"(0.04238921001926782, 0.027184466019417475, 0.028737864077669904)"
complex.1_9_49_corrected_H_0001,"(0.04046242774566474, 0.02524271844660194, 0.026796116504854372)"
complex.2_0_16_corrected_H_0001,"(0.007707129094412331, 0.007766990291262136, 0.007766990291262136)"
complex.2_0_26_corrected_H_0001,"(0.02119460500963391, 0.017475728155339806, 0.01825242718446602)"
complex.2_0_35_corrected_H_0001,"(0.007707129094412331, 0.007766990291262136, 0.007766990291262136)"
complex.2_0_38_corrected_H_0001,"(0.019267822736030827, 0.019417475728155338, 0.019417475728155338)"
complex.2_0_5_corrected_H_0001,"(0.009633911368015413, 0.009708737864077669, 0.009708737864077669)"
complex.2_10_19_corrected_H_0001,"(0.03468208092485549, 0.027184466019417475, 0.027184466019417475)"
complex.2_10_22_corrected_H_0001,"(0.04046242774566474, 0.02524271844660194, 0.026796116504854372)"
complex.2_10_26_corrected_H_0001,"(0.023121387283236993, 0.02330097087378641, 0.02330097087378641)"
complex.2_10_31_corrected_H_0001,"(0.046242774566473986, 0.031067961165048542, 0.03262135922330097)"
complex.2_10_34_corrected_H_0001,"(0.030828516377649325, 0.02330097087378641, 0.02330097087378641)"
complex.2_10_36_corrected_H_0001,"(0.02697495183044316, 0.02524271844660194, 0.025631067961165047)"
complex.2_10_48_corrected_H_0001,"(0.04238921001926782, 0.027184466019417475, 0.028737864077669904)"
complex.2_11_15_corrected_H_0001,"(0.046242774566473986, 0.031067961165048542, 0.03262135922330097)"
complex.2_11_31_corrected_H_0001,"(0.02697495183044316, 0.02524271844660194, 0.025631067961165047)"
complex.2_11_42_corrected_H_0001,"(0.036608863198458574, 0.02912621359223301, 0.02912621359223301)"
complex.2_12_19_corrected_H_0001,"(0.04238921001926782, 0.027184466019417475, 0.028737864077669904)"
complex.2_12_40_corrected_H_0001,"(0.04238921001926782, 0.027184466019417475, 0.028737864077669904)"
complex.2_12_44_corrected_H_0001,"(0.038535645472061654, 0.02330097087378641, 0.024854368932038837)"
complex.2_13_17_corrected_H_0001,"(0.04431599229287091, 0.02912621359223301, 0.03067961165048544)"
complex.2_13_35_corrected_H_0001,"(0.036608863198458574, 0.02912621359223301, 0.02912621359223301)"
complex.2_13_36_corrected_H_0001,"(0.046242774566473986, 0.031067961165048542, 0.03262135922330097)"
complex.2_13_37_corrected_H_0001,"(0.04238921001926782, 0.027184466019417475, 0.028737864077669904)"
complex.2_13_43_corrected_H_0001,"(0.04431599229287091, 0.02912621359223301, 0.03067961165048544)"
complex.2_13_45_corrected_H_0001,"(0.04238921001926782, 0.027184466019417475, 0.028737864077669904)"
complex.2_14_18_corrected_H_0001,"(0.04046242774566474, 0.02524271844660194, 0.026796116504854372)"
complex.2_14_21_corrected_H_0001,"(0.046242774566473986, 0.031067961165048542, 0.03262135922330097)"
complex.2_14_24_corrected_H_0001,"(0.05009633911368015, 0.03300970873786408, 0.03495145631067961)"
complex.2_14_46_corrected_H_0001,"(0.04238921001926782, 0.027184466019417475, 0.028737864077669904)"
complex.2_14_5_corrected_H_0001,"(0.04431599229287091, 0.02912621359223301, 0.03067961165048544)"
complex.2_14_7_corrected_H_0001,"(0.04431599229287091, 0.02912621359223301, 0.03067961165048544)"
complex.2_14_8_corrected_H_0001,"(0.04238921001926782, 0.027184466019417475, 0.028737864077669904)"
complex.2_15_10_corrected_H_0001,"(0.04431599229287091, 0.02912621359223301, 0.03067961165048544)"
complex.2_15_22_corrected_H_0001,"(0.038535645472061654, 0.03294573643410853, 0.03294573643410853)"
complex.2_15_2_corrected_H_0001,"(0.046242774566473986, 0.031067961165048542, 0.03262135922330097)"
complex.2_15_47_corrected_H_0001,"(0.04431599229287091, 0.02912621359223301, 0.03067961165048544)"
complex.2_16_22_corrected_H_0001,"(0.04431599229287091, 0.02912621359223301, 0.03067961165048544)"
complex.2_16_28_corrected_H_0001,"(0.036608863198458574, 0.02912621359223301, 0.02912621359223301)"
complex.2_16_30_corrected_H_0001,"(0.04431599229287091, 0.02912621359223301, 0.03067961165048544)"
complex.2_16_45_corrected_H_0001,"(0.04431599229287091, 0.02912621359223301, 0.03067961165048544)"
complex.2_17_31_corrected_H_0001,"(0.04431599229287091, 0.02912621359223301, 0.03067961165048544)"
complex.2_17_45_corrected_H_0001,"(0.04238921001926782, 0.027184466019417475, 0.028737864077669904)"
complex.2_18_11_corrected_H_0001,"(0.04431599229287091, 0.02912621359223301, 0.03067961165048544)"
complex.2_18_12_corrected_H_0001,"(0.036608863198458574, 0.02912621359223301, 0.02912621359223301)"
complex.2_18_14_corrected_H_0001,"(0.04431599229287091, 0.02912621359223301, 0.03067961165048544)"
complex.2_18_15_corrected_H_0001,"(0.046242774566473986, 0.02912621359223301, 0.031067961165048542)"
complex.2_18_21_corrected_H_0001,"(0.04431599229287091, 0.02912621359223301, 0.03067961165048544)"
complex.2_18_30_corrected_H_0001,"(0.04816955684007707, 0.03300970873786408, 0.03456310679611651)"
complex.2_18_4_corrected_H_0001,"(0.04046242774566474, 0.03300970873786408, 0.03300970873786408)"
complex.2_1_36_corrected_H_0001,"(0.017341040462427744, 0.015533980582524271, 0.015922330097087378)"
complex.2_2_35_corrected_H_0001,"(0.011560693641618497, 0.007751937984496124, 0.008397932816537466)"
complex.2_2_38_corrected_H_0001,"(0.0038535645472061657, 0.003883495145631068, 0.003883495145631068)"
complex.2_2_40_corrected_H_0001,"(0.011560693641618497, 0.007766990291262136, 0.00854368932038835)"
complex.2_2_49_corrected_H_0001,"(0.015414258188824663, 0.011650485436893204, 0.012427184466019418)"
complex.2_2_7_corrected_H_0001,"(0.017341040462427744, 0.01744186046511628, 0.01744186046511628)"
complex.2_3_11_corrected_H_0001,"(0.017341040462427744, 0.013592233009708738, 0.012815533980582524)"
complex.2_3_28_corrected_H_0001,"(0.009633911368015413, 0.007766990291262136, 0.008155339805825243)"
complex.2_3_32_corrected_H_0001,"(0.015414258188824663, 0.011650485436893204, 0.012427184466019418)"
complex.2_3_36_corrected_H_0001,"(0.01348747591522158, 0.011650485436893204, 0.012038834951456311)"
complex.2_3_6_corrected_H_0001,"(0.019267822736030827, 0.011650485436893204, 0.011650485436893204)"
complex.2_4_11_corrected_H_0001,"(0.011560693641618497, 0.009708737864077669, 0.010097087378640778)"
complex.2_4_16_corrected_H_0001,"(0.015414258188824663, 0.011650485436893204, 0.012427184466019418)"
complex.2_4_31_corrected_H_0001,"(0.01348747591522158, 0.013592233009708738, 0.013592233009708738)"
complex.2_4_4_corrected_H_0001,"(0.015414258188824663, 0.011650485436893204, 0.012427184466019418)"
complex.2_4_7_corrected_H_0001,"(0.011560693641618497, 0.011650485436893204, 0.011650485436893204)"
complex.2_5_29_corrected_H_0001,"(0.019267822736030827, 0.015503875968992248, 0.016472868217054265)"
complex.2_5_42_corrected_H_0001,"(0.02119460500963391, 0.021359223300970873, 0.021359223300970873)"
complex.2_5_48_corrected_H_0001,"(0.023121387283236993, 0.02330097087378641, 0.02330097087378641)"
complex.2_6_11_corrected_H_0001,"(0.030828516377649325, 0.031067961165048542, 0.031067961165048542)"
complex.2_6_19_corrected_H_0001,"(0.025048169556840076, 0.02330097087378641, 0.023689320388349512)"
complex.2_6_2_corrected_H_0001,"(0.017341040462427744, 0.017475728155339806, 0.017475728155339806)"
complex.2_6_32_corrected_H_0001,"(0.023121387283236993, 0.02330097087378641, 0.02330097087378641)"
complex.2_6_36_corrected_H_0001,"(0.03275529865125241, 0.017475728155339806, 0.019029126213592235)"
complex.2_6_48_corrected_H_0001,"(0.023121387283236993, 0.015533980582524271, 0.015533980582524271)"
complex.2_7_0_corrected_H_0001,"(0.038535645472061654, 0.02330097087378641, 0.024854368932038837)"
complex.2_7_18_corrected_H_0001,"(0.019267822736030827, 0.017475728155339806, 0.01786407766990291)"
complex.2_7_21_corrected_H_0001,"(0.030828516377649325, 0.025193798449612403, 0.025193798449612403)"
complex.2_7_40_corrected_H_0001,"(0.02697495183044316, 0.027184466019417475, 0.027184466019417475)"
complex.2_7_6_corrected_H_0001,"(0.02697495183044316, 0.027184466019417475, 0.027184466019417475)"
complex.2_8_12_corrected_H_0001,"(0.030828516377649325, 0.027184466019417475, 0.02640776699029126)"
complex.2_8_14_corrected_H_0001,"(0.019267822736030827, 0.017475728155339806, 0.01786407766990291)"
complex.2_8_27_corrected_H_0001,"(0.036608863198458574, 0.031067961165048542, 0.03067961165048544)"
complex.2_8_30_corrected_H_0001,"(0.02697495183044316, 0.027184466019417475, 0.027184466019417475)"
complex.2_8_33_corrected_H_0001,"(0.028901734104046242, 0.027131782945736434, 0.027616279069767442)"
complex.2_8_44_corrected_H_0001,"(0.03468208092485549, 0.02912621359223301, 0.028737864077669904)"
complex.2_9_0_corrected_H_0001,"(0.02697495183044316, 0.02330097087378641, 0.024077669902912623)"
complex.2_9_20_corrected_H_0001,"(0.02697495183044316, 0.02131782945736434, 0.02131782945736434)"
complex.2_9_36_corrected_H_0001,"(0.02119460500963391, 0.021359223300970873, 0.021359223300970873)"
complex.2_9_9_corrected_H_0001,"(0.028901734104046242, 0.027184466019417475, 0.027572815533980582)"
complex.3_0_18_corrected_H_0001,"(0.01348747591522158, 0.013592233009708738, 0.013592233009708738)"
complex.3_0_28_corrected_H_0001,"(0.015414258188824663, 0.015533980582524271, 0.015533980582524271)"
complex.3_0_33_corrected_H_0001,"(0.02697495183044316, 0.019417475728155338, 0.019417475728155338)"
complex.3_0_45_corrected_H_0001,"(0.017341040462427744, 0.017475728155339806, 0.017475728155339806)"
complex.3_0_49_corrected_H_0001,"(0.005780346820809248, 0.005825242718446602, 0.005825242718446602)"
complex.3_0_7_corrected_H_0001,"(0.011560693641618497, 0.011627906976744186, 0.011627906976744186)"
complex.3_0_8_corrected_H_0001,"(0.007707129094412331, 0.007751937984496124, 0.007751937984496124)"
complex.3_10_18_corrected_H_0001,"(0.04238921001926782, 0.027184466019417475, 0.028737864077669904)"
complex.3_10_1_corrected_H_0001,"(0.04238921001926782, 0.027184466019417475, 0.028737864077669904)"
complex.3_10_24_corrected_H_0001,"(0.028901734104046242, 0.027184466019417475, 0.027572815533980582)"
complex.3_10_8_corrected_H_0001,"(0.03468208092485549, 0.027184466019417475, 0.027184466019417475)"
complex.3_11_1_corrected_H_0001,"(0.04431599229287091, 0.02912621359223301, 0.03067961165048544)"
complex.3_11_20_corrected_H_0001,"(0.04238921001926782, 0.027184466019417475, 0.028737864077669904)"
complex.3_11_25_corrected_H_0001,"(0.04238921001926782, 0.027184466019417475, 0.028737864077669904)"
complex.3_11_28_corrected_H_0001,"(0.04431599229287091, 0.02912621359223301, 0.03067961165048544)"
complex.3_11_2_corrected_H_0001,"(0.04431599229287091, 0.02912621359223301, 0.03067961165048544)"
complex.3_11_45_corrected_H_0001,"(0.04431599229287091, 0.02912621359223301, 0.03067961165048544)"
complex.3_11_47_corrected_H_0001,"(0.03275529865125241, 0.027184466019417475, 0.026796116504854372)"
complex.3_11_4_corrected_H_0001,"(0.038535645472061654, 0.031067961165048542, 0.031067961165048542)"
complex.3_11_9_corrected_H_0001,"(0.04431599229287091, 0.02912621359223301, 0.03067961165048544)"
complex.3_12_13_corrected_H_0001,"(0.04431599229287091, 0.02912621359223301, 0.03067961165048544)"
complex.3_12_29_corrected_H_0001,"(0.036608863198458574, 0.031007751937984496, 0.031007751937984496)"
complex.3_12_8_corrected_H_0001,"(0.046242774566473986, 0.031067961165048542, 0.03262135922330097)"
complex.3_13_11_corrected_H_0001,"(0.03468208092485549, 0.029069767441860465, 0.029069767441860465)"
complex.3_13_12_corrected_H_0001,"(0.036608863198458574, 0.02912621359223301, 0.02912621359223301)"
complex.3_13_20_corrected_H_0001,"(0.036608863198458574, 0.031067961165048542, 0.03067961165048544)"
complex.3_13_26_corrected_H_0001,"(0.036608863198458574, 0.02912621359223301, 0.02912621359223301)"
complex.3_13_28_corrected_H_0001,"(0.04238921001926782, 0.027184466019417475, 0.028737864077669904)"
complex.3_13_33_corrected_H_0001,"(0.04816955684007707, 0.031067961165048542, 0.03300970873786408)"
complex.3_13_3_corrected_H_0001,"(0.036608863198458574, 0.030947775628626693, 0.03159252095422308)"
complex.3_13_47_corrected_H_0001,"(0.03468208092485549, 0.027184466019417475, 0.027184466019417475)"
complex.3_14_32_corrected_H_0001,"(0.04431599229287091, 0.02912621359223301, 0.03067961165048544)"
complex.3_14_44_corrected_H_0001,"(0.04431599229287091, 0.02912621359223301, 0.03067961165048544)"
complex.3_14_45_corrected_H_0001,"(0.04431599229287091, 0.02912621359223301, 0.03067961165048544)"
complex.3_14_6_corrected_H_0001,"(0.03468208092485549, 0.031067961165048542, 0.03029126213592233)"
complex.3_15_27_corrected_H_0001,"(0.04431599229287091, 0.02912621359223301, 0.03067961165048544)"
complex.3_15_9_corrected_H_0001,"(0.046242774566473986, 0.031067961165048542, 0.03262135922330097)"
complex.3_16_12_corrected_H_0001,"(0.04238921001926782, 0.027184466019417475, 0.028737864077669904)"
complex.3_16_1_corrected_H_0001,"(0.03468208092485549, 0.027184466019417475, 0.027184466019417475)"
complex.3_16_31_corrected_H_0001,"(0.04431599229287091, 0.02912621359223301, 0.03067961165048544)"
complex.3_16_42_corrected_H_0001,"(0.046242774566473986, 0.031067961165048542, 0.03262135922330097)"
complex.3_16_44_corrected_H_0001,"(0.04431599229287091, 0.02912621359223301, 0.03067961165048544)"
complex.3_16_4_corrected_H_0001,"(0.04238921001926782, 0.027184466019417475, 0.028737864077669904)"
complex.3_17_14_corrected_H_0001,"(0.04431599229287091, 0.02912621359223301, 0.03067961165048544)"
complex.3_17_19_corrected_H_0001,"(0.046242774566473986, 0.031067961165048542, 0.03262135922330097)"
complex.3_17_38_corrected_H_0001,"(0.04431599229287091, 0.02912621359223301, 0.03067961165048544)"
complex.3_17_44_corrected_H_0001,"(0.04431599229287091, 0.02912621359223301, 0.03067961165048544)"
complex.3_17_49_corrected_H_0001,"(0.03468208092485549, 0.027184466019417475, 0.027184466019417475)"
complex.3_17_6_corrected_H_0001,"(0.036608863198458574, 0.02912621359223301, 0.02912621359223301)"
complex.3_18_24_corrected_H_0001,"(0.038535645472061654, 0.031067961165048542, 0.031067961165048542)"
complex.3_18_25_corrected_H_0001,"(0.046242774566473986, 0.031067961165048542, 0.03262135922330097)"
complex.3_18_36_corrected_H_0001,"(0.04431599229287091, 0.02912621359223301, 0.03067961165048544)"
complex.3_18_37_corrected_H_0001,"(0.046242774566473986, 0.031067961165048542, 0.03262135922330097)"
complex.3_1_17_corrected_H_0001,"(0.02119460500963391, 0.021359223300970873, 0.021359223300970873)"
complex.3_1_21_corrected_H_0001,"(0.01348747591522158, 0.013592233009708738, 0.013592233009708738)"
complex.3_2_10_corrected_H_0001,"(0.007707129094412331, 0.007766990291262136, 0.007766990291262136)"
complex.3_2_17_corrected_H_0001,"(0.015414258188824663, 0.011650485436893204, 0.01087378640776699)"
complex.3_2_18_corrected_H_0001,"(0.019267822736030827, 0.017475728155339806, 0.01786407766990291)"
complex.3_2_22_corrected_H_0001,"(0.01348747591522158, 0.011650485436893204, 0.012038834951456311)"
complex.3_2_31_corrected_H_0001,"(0.028901734104046242, 0.011650485436893204, 0.013592233009708738)"
complex.3_2_5_corrected_H_0001,"(0.02119460500963391, 0.013592233009708738, 0.013592233009708738)"
complex.3_3_0_corrected_H_0001,"(0.011560693641618497, 0.007766990291262136, 0.00854368932038835)"
complex.3_3_27_corrected_H_0001,"(0.01348747591522158, 0.013592233009708738, 0.013592233009708738)"
complex.3_3_40_corrected_H_0001,"(0.011560693641618497, 0.011650485436893204, 0.011650485436893204)"
complex.3_3_9_corrected_H_0001,"(0.015414258188824663, 0.015533980582524271, 0.015533980582524271)"
complex.3_4_13_corrected_H_0001,"(0.009633911368015413, 0.005825242718446602, 0.006601941747572815)"
complex.3_4_14_corrected_H_0001,"(0.02697495183044316, 0.011650485436893204, 0.01320388349514563)"
complex.3_4_15_corrected_H_0001,"(0.011560693641618497, 0.007766990291262136, 0.00854368932038835)"
complex.3_4_40_corrected_H_0001,"(0.009633911368015413, 0.007766990291262136, 0.008155339805825243)"
complex.3_4_49_corrected_H_0001,"(0.028901734104046242, 0.027184466019417475, 0.027572815533980582)"
complex.3_4_5_corrected_H_0001,"(0.015414258188824663, 0.011650485436893204, 0.012427184466019418)"
complex.3_5_25_corrected_H_0001,"(0.01348747591522158, 0.007766990291262136, 0.0073786407766990286)"
complex.3_5_38_corrected_H_0001,"(0.019267822736030827, 0.011650485436893204, 0.011650485436893204)"
complex.3_5_43_corrected_H_0001,"(0.019267822736030827, 0.019417475728155338, 0.019417475728155338)"
complex.3_5_9_corrected_H_0001,"(0.028901734104046242, 0.013592233009708738, 0.015145631067961164)"
complex.3_6_14_corrected_H_0001,"(0.030828516377649325, 0.027184466019417475, 0.02796116504854369)"
complex.3_6_20_corrected_H_0001,"(0.02119460500963391, 0.019417475728155338, 0.019805825242718445)"
complex.3_6_5_corrected_H_0001,"(0.025048169556840076, 0.02524271844660194, 0.02524271844660194)"
complex.3_7_10_corrected_H_0001,"(0.025048169556840076, 0.02330097087378641, 0.023689320388349512)"
complex.3_7_14_corrected_H_0001,"(0.02697495183044316, 0.021359223300970873, 0.02097087378640777)"
complex.3_7_22_corrected_H_0001,"(0.011560693641618497, 0.009708737864077669, 0.010097087378640778)"
complex.3_7_27_corrected_H_0001,"(0.04816955684007707, 0.03300970873786408, 0.03456310679611651)"
complex.3_7_32_corrected_H_0001,"(0.023121387283236993, 0.02330097087378641, 0.02330097087378641)"
complex.3_7_33_corrected_H_0001,"(0.023121387283236993, 0.02321083172147002, 0.02321083172147002)"
complex.3_7_39_corrected_H_0001,"(0.025048169556840076, 0.02330097087378641, 0.023689320388349512)"
complex.3_7_43_corrected_H_0001,"(0.038535645472061654, 0.03300970873786408, 0.03262135922330097)"
complex.3_8_0_corrected_H_0001,"(0.02119460500963391, 0.021359223300970873, 0.021359223300970873)"
complex.3_8_26_corrected_H_0001,"(0.03275529865125241, 0.027131782945736434, 0.027131782945736434)"
complex.3_8_31_corrected_H_0001,"(0.028901734104046242, 0.027184466019417475, 0.027572815533980582)"
complex.3_8_35_corrected_H_0001,"(0.03275529865125241, 0.017475728155339806, 0.019029126213592235)"
complex.3_8_41_corrected_H_0001,"(0.03468208092485549, 0.027184466019417475, 0.027184466019417475)"
complex.3_9_27_corrected_H_0001,"(0.055876685934489405, 0.027237354085603113, 0.0304798962386511)"
complex.3_9_28_corrected_H_0001,"(0.04431599229287091, 0.02912621359223301, 0.03067961165048544)"
complex.3_9_37_corrected_H_0001,"(0.025048169556840076, 0.02524271844660194, 0.02524271844660194)"
complex.3_9_38_corrected_H_0001,"(0.028901734104046242, 0.027184466019417475, 0.027572815533980582)"
complex.3_9_45_corrected_H_0001,"(0.02119460500963391, 0.017475728155339806, 0.01825242718446602)"
complex.3_9_8_corrected_H_0001,"(0.038535645472061654, 0.031067961165048542, 0.031067961165048542)"
complex.4_0_0_corrected_H_0001,"(0.015414258188824663, 0.015503875968992248, 0.015503875968992248)"
complex.4_0_10_corrected_H_0001,"(0.02119460500963391, 0.021359223300970873, 0.021359223300970873)"
complex.4_0_22_corrected_H_0001,"(0.02119460500963391, 0.021359223300970873, 0.021359223300970873)"
complex.4_0_25_corrected_H_0001,"(0.015414258188824663, 0.015533980582524271, 0.015533980582524271)"
complex.4_0_30_corrected_H_0001,"(0.007707129094412331, 0.007766990291262136, 0.007766990291262136)"
complex.4_0_3_corrected_H_0001,"(0.01348747591522158, 0.013592233009708738, 0.013592233009708738)"
complex.4_10_12_corrected_H_0001,"(0.046242774566473986, 0.031067961165048542, 0.03262135922330097)"
complex.4_10_17_corrected_H_0001,"(0.04046242774566474, 0.02524271844660194, 0.026796116504854372)"
complex.4_10_32_corrected_H_0001,"(0.028901734104046242, 0.02912621359223301, 0.02912621359223301)"
complex.4_10_43_corrected_H_0001,"(0.04238921001926782, 0.027184466019417475, 0.028737864077669904)"
complex.4_10_5_corrected_H_0001,"(0.046242774566473986, 0.031067961165048542, 0.03262135922330097)"
complex.4_11_16_corrected_H_0001,"(0.03468208092485549, 0.02912621359223301, 0.028737864077669904)"
complex.4_11_27_corrected_H_0001,"(0.04431599229287091, 0.02912621359223301, 0.03067961165048544)"
complex.4_11_40_corrected_H_0001,"(0.028901734104046242, 0.027184466019417475, 0.027572815533980582)"
complex.4_11_43_corrected_H_0001,"(0.038535645472061654, 0.031067961165048542, 0.031067961165048542)"
complex.4_12_24_corrected_H_0001,"(0.04238921001926782, 0.027184466019417475, 0.028737864077669904)"
complex.4_12_38_corrected_H_0001,"(0.04238921001926782, 0.027184466019417475, 0.028737864077669904)"
complex.4_12_49_corrected_H_0001,"(0.04431599229287091, 0.02912621359223301, 0.03067961165048544)"
complex.4_13_15_corrected_H_0001,"(0.036608863198458574, 0.031007751937984496, 0.031007751937984496)"
complex.4_13_2_corrected_H_0001,"(0.046242774566473986, 0.031067961165048542, 0.03262135922330097)"
complex.4_13_31_corrected_H_0001,"(0.03468208092485549, 0.029069767441860465, 0.029069767441860465)"
complex.4_13_34_corrected_H_0001,"(0.04238921001926782, 0.027184466019417475, 0.028737864077669904)"
complex.4_14_25_corrected_H_0001,"(0.04431599229287091, 0.02912621359223301, 0.03067961165048544)"
complex.4_14_2_corrected_H_0001,"(0.04431599229287091, 0.02912621359223301, 0.03067961165048544)"
complex.4_14_38_corrected_H_0001,"(0.04238921001926782, 0.03300970873786408, 0.033398058252427185)"
complex.4_14_42_corrected_H_0001,"(0.04431599229287091, 0.02912621359223301, 0.03067961165048544)"
complex.4_14_43_corrected_H_0001,"(0.046242774566473986, 0.031067961165048542, 0.03262135922330097)"
complex.4_14_48_corrected_H_0001,"(0.036608863198458574, 0.02912621359223301, 0.02912621359223301)"
complex.4_15_13_corrected_H_0001,"(0.04238921001926782, 0.027184466019417475, 0.028737864077669904)"
complex.4_15_38_corrected_H_0001,"(0.036608863198458574, 0.02912621359223301, 0.02912621359223301)"
complex.4_15_39_corrected_H_0001,"(0.04431599229287091, 0.02912621359223301, 0.03067961165048544)"
complex.4_16_23_corrected_H_0001,"(0.04431599229287091, 0.02912621359223301, 0.03067961165048544)"
complex.4_16_3_corrected_H_0001,"(0.04238921001926782, 0.027184466019417475, 0.028737864077669904)"
complex.4_16_40_corrected_H_0001,"(0.046242774566473986, 0.031067961165048542, 0.03262135922330097)"
complex.4_16_43_corrected_H_0001,"(0.04431599229287091, 0.02912621359223301, 0.03067961165048544)"
complex.4_16_5_corrected_H_0001,"(0.036608863198458574, 0.031007751937984496, 0.031007751937984496)"
complex.4_17_28_corrected_H_0001,"(0.04431599229287091, 0.02912621359223301, 0.03067961165048544)"
complex.4_17_47_corrected_H_0001,"(0.04238921001926782, 0.027184466019417475, 0.028737864077669904)"
complex.4_17_9_corrected_H_0001,"(0.04238921001926782, 0.027184466019417475, 0.028737864077669904)"
complex.4_18_23_corrected_H_0001,"(0.046242774566473986, 0.031067961165048542, 0.03262135922330097)"
complex.4_18_2_corrected_H_0001,"(0.046242774566473986, 0.031067961165048542, 0.03262135922330097)"
complex.4_18_31_corrected_H_0001,"(0.036608863198458574, 0.02912621359223301, 0.02912621359223301)"
complex.4_18_34_corrected_H_0001,"(0.04816955684007707, 0.03300970873786408, 0.03456310679611651)"
complex.4_18_41_corrected_H_0001,"(0.04431599229287091, 0.02912621359223301, 0.03067961165048544)"
complex.4_19_3_corrected_H_0001,"(0.04431599229287091, 0.02912621359223301, 0.03067961165048544)"
complex.4_1_12_corrected_H_0001,"(0.015414258188824663, 0.013592233009708738, 0.013980582524271845)"
complex.4_1_29_corrected_H_0001,"(0.019267822736030827, 0.019417475728155338, 0.019417475728155338)"
complex.4_1_32_corrected_H_0001,"(0.01348747591522158, 0.011627906976744186, 0.012112403100775194)"
complex.4_2_26_corrected_H_0001,"(0.01348747591522158, 0.007766990291262136, 0.0073786407766990286)"
complex.4_2_27_corrected_H_0001,"(0.011560693641618497, 0.007751937984496124, 0.00872093023255814)"
complex.4_2_28_corrected_H_0001,"(0.030828516377649325, 0.02330097087378641, 0.02330097087378641)"
complex.4_2_47_corrected_H_0001,"(0.019267822736030827, 0.013592233009708738, 0.01320388349514563)"
complex.4_2_4_corrected_H_0001,"(0.01348747591522158, 0.009708737864077669, 0.010485436893203885)"
complex.4_2_6_corrected_H_0001,"(0.01348747591522158, 0.009708737864077669, 0.010485436893203885)"
complex.4_3_24_corrected_H_0001,"(0.02119460500963391, 0.013592233009708738, 0.013592233009708738)"
complex.4_3_29_corrected_H_0001,"(0.009633911368015413, 0.007766990291262136, 0.008155339805825243)"
complex.4_3_2_corrected_H_0001,"(0.017341040462427744, 0.013592233009708738, 0.014368932038834952)"
complex.4_3_45_corrected_H_0001,"(0.011560693641618497, 0.011650485436893204, 0.011650485436893204)"
complex.4_3_47_corrected_H_0001,"(0.019267822736030827, 0.017475728155339806, 0.01786407766990291)"
complex.4_4_12_corrected_H_0001,"(0.017341040462427744, 0.017475728155339806, 0.017475728155339806)"
complex.4_4_18_corrected_H_0001,"(0.030828516377649325, 0.02524271844660194, 0.024854368932038837)"
complex.4_4_23_corrected_H_0001,"(0.011560693641618497, 0.011650485436893204, 0.011650485436893204)"
complex.4_4_29_corrected_H_0001,"(0.019267822736030827, 0.019417475728155338, 0.019417475728155338)"
complex.4_4_3_corrected_H_0001,"(0.01348747591522158, 0.009708737864077669, 0.010485436893203885)"
complex.4_4_41_corrected_H_0001,"(0.023121387283236993, 0.02330097087378641, 0.02330097087378641)"
complex.4_4_8_corrected_H_0001,"(0.011560693641618497, 0.007766990291262136, 0.00854368932038835)"
complex.4_5_11_corrected_H_0001,"(0.023121387283236993, 0.015533980582524271, 0.015533980582524271)"
complex.4_5_2_corrected_H_0001,"(0.017341040462427744, 0.011650485436893204, 0.011262135922330097)"
complex.4_5_31_corrected_H_0001,"(0.017341040462427744, 0.017475728155339806, 0.017475728155339806)"
complex.4_5_3_corrected_H_0001,"(0.009633911368015413, 0.005825242718446602, 0.006601941747572815)"
complex.4_5_47_corrected_H_0001,"(0.023121387283236993, 0.015533980582524271, 0.015533980582524271)"
complex.4_5_8_corrected_H_0001,"(0.02119460500963391, 0.019417475728155338, 0.019805825242718445)"
complex.4_6_47_corrected_H_0001,"(0.03275529865125241, 0.027184466019417475, 0.026796116504854372)"
complex.4_7_20_corrected_H_0001,"(0.025048169556840076, 0.017475728155339806, 0.017475728155339806)"
complex.4_7_23_corrected_H_0001,"(0.023121387283236993, 0.01937984496124031, 0.020348837209302327)"
complex.4_7_24_corrected_H_0001,"(0.03468208092485549, 0.027184466019417475, 0.027184466019417475)"
complex.4_7_29_corrected_H_0001,"(0.025048169556840076, 0.02524271844660194, 0.02524271844660194)"
complex.4_7_36_corrected_H_0001,"(0.02119460500963391, 0.017475728155339806, 0.01825242718446602)"
complex.4_7_46_corrected_H_0001,"(0.025048169556840076, 0.02330097087378641, 0.023689320388349512)"
complex.4_7_48_corrected_H_0001,"(0.030828516377649325, 0.02912621359223301, 0.029514563106796114)"
complex.4_7_5_corrected_H_0001,"(0.02119460500963391, 0.021359223300970873, 0.021359223300970873)"
complex.4_8_46_corrected_H_0001,"(0.019267822736030827, 0.017475728155339806, 0.01786407766990291)"
complex.4_8_7_corrected_H_0001,"(0.046242774566473986, 0.031067961165048542, 0.03262135922330097)"
complex.4_9_18_corrected_H_0001,"(0.03468208092485549, 0.031067961165048542, 0.03029126213592233)"
complex.4_9_25_corrected_H_0001,"(0.038535645472061654, 0.02330097087378641, 0.024854368932038837)"
complex.4_9_30_corrected_H_0001,"(0.02119460500963391, 0.021359223300970873, 0.021359223300970873)"
complex.4_9_35_corrected_H_0001,"(0.036608863198458574, 0.021359223300970873, 0.0229126213592233)"
complex.4_9_3_corrected_H_0001,"(0.028901734104046242, 0.02524271844660194, 0.026019417475728154)"
complex.4_9_46_corrected_H_0001,"(0.03275529865125241, 0.02524271844660194, 0.02524271844660194)"
complex.4_9_48_corrected_H_0001,"(0.04816955684007707, 0.03300970873786408, 0.03456310679611651)"
complex.4_9_6_corrected_H_0001,"(0.028901734104046242, 0.02330097087378641, 0.0229126213592233)"
complex.5_0_19_corrected_H_0001,"(0.02119460500963391, 0.021359223300970873, 0.021359223300970873)"
complex.5_0_1_corrected_H_0001,"(0.015414258188824663, 0.015533980582524271, 0.015533980582524271)"
complex.5_0_31_corrected_H_0001,"(0.009633911368015413, 0.009708737864077669, 0.009708737864077669)"
complex.5_0_36_corrected_H_0001,"(0.023121387283236993, 0.02330097087378641, 0.02330097087378641)"
complex.5_0_42_corrected_H_0001,"(0.007707129094412331, 0.007751937984496124, 0.007751937984496124)"
complex.5_0_4_corrected_H_0001,"(0.017341040462427744, 0.017475728155339806, 0.017475728155339806)"
complex.5_10_23_corrected_H_0001,"(0.04431599229287091, 0.02912621359223301, 0.03067961165048544)"
complex.5_10_25_corrected_H_0001,"(0.030828516377649325, 0.027184466019417475, 0.02640776699029126)"
complex.5_10_2_corrected_H_0001,"(0.028901734104046242, 0.02912621359223301, 0.02912621359223301)"
complex.5_10_40_corrected_H_0001,"(0.03468208092485549, 0.027184466019417475, 0.027184466019417475)"
complex.5_10_41_corrected_H_0001,"(0.023121387283236993, 0.02330097087378641, 0.02330097087378641)"
complex.5_11_13_corrected_H_0001,"(0.055876685934489405, 0.027237354085603113, 0.0304798962386511)"
complex.5_11_35_corrected_H_0001,"(0.04046242774566474, 0.02524271844660194, 0.026796116504854372)"
complex.5_11_36_corrected_H_0001,"(0.04238921001926782, 0.027184466019417475, 0.028737864077669904)"
complex.5_11_38_corrected_H_0001,"(0.038535645472061654, 0.02330097087378641, 0.024854368932038837)"
complex.5_11_46_corrected_H_0001,"(0.036608863198458574, 0.02912621359223301, 0.02912621359223301)"
complex.5_11_49_corrected_H_0001,"(0.03275529865125241, 0.029069767441860465, 0.030038759689922482)"
complex.5_11_6_corrected_H_0001,"(0.03275529865125241, 0.02912621359223301, 0.028349514563106797)"
complex.5_11_7_corrected_H_0001,"(0.036608863198458574, 0.02912621359223301, 0.02912621359223301)"
complex.5_12_17_corrected_H_0001,"(0.03468208092485549, 0.02912621359223301, 0.028737864077669904)"
complex.5_12_20_corrected_H_0001,"(0.030828516377649325, 0.027184466019417475, 0.02640776699029126)"
complex.5_12_2_corrected_H_0001,"(0.030828516377649325, 0.027184466019417475, 0.02796116504854369)"
complex.5_12_33_corrected_H_0001,"(0.03468208092485549, 0.029069767441860465, 0.029069767441860465)"
complex.5_12_34_corrected_H_0001,"(0.03468208092485549, 0.027184466019417475, 0.027184466019417475)"
complex.5_12_43_corrected_H_0001,"(0.04046242774566474, 0.02524271844660194, 0.026796116504854372)"
complex.5_12_45_corrected_H_0001,"(0.036608863198458574, 0.031007751937984496, 0.031007751937984496)"
complex.5_12_7_corrected_H_0001,"(0.04431599229287091, 0.02912621359223301, 0.03067961165048544)"
complex.5_13_16_corrected_H_0001,"(0.04238921001926782, 0.027184466019417475, 0.028737864077669904)"
complex.5_13_42_corrected_H_0001,"(0.038535645472061654, 0.031007751937984496, 0.032622739018087855)"
complex.5_14_10_corrected_H_0001,"(0.036608863198458574, 0.02912621359223301, 0.02912621359223301)"
complex.5_14_12_corrected_H_0001,"(0.04431599229287091, 0.02912621359223301, 0.03067961165048544)"
complex.5_14_15_corrected_H_0001,"(0.036608863198458574, 0.031067961165048542, 0.03067961165048544)"
complex.5_14_28_corrected_H_0001,"(0.028901734104046242, 0.02524271844660194, 0.026019417475728154)"
complex.5_14_3_corrected_H_0001,"(0.046242774566473986, 0.031067961165048542, 0.03262135922330097)"
complex.5_15_12_corrected_H_0001,"(0.03468208092485549, 0.027184466019417475, 0.027184466019417475)"
complex.5_15_1_corrected_H_0001,"(0.04431599229287091, 0.02912621359223301, 0.03067961165048544)"
complex.5_15_24_corrected_H_0001,"(0.046242774566473986, 0.031067961165048542, 0.03262135922330097)"
complex.5_15_30_corrected_H_0001,"(0.03468208092485549, 0.029069767441860465, 0.029069767441860465)"
complex.5_15_34_corrected_H_0001,"(0.038535645472061654, 0.03294573643410853, 0.03294573643410853)"
complex.5_15_44_corrected_H_0001,"(0.046242774566473986, 0.031067961165048542, 0.03262135922330097)"
complex.5_15_6_corrected_H_0001,"(0.04431599229287091, 0.02912621359223301, 0.03067961165048544)"
complex.5_16_19_corrected_H_0001,"(0.04238921001926782, 0.027184466019417475, 0.028737864077669904)"
complex.5_16_29_corrected_H_0001,"(0.036608863198458574, 0.02912621359223301, 0.02912621359223301)"
complex.5_16_2_corrected_H_0001,"(0.04238921001926782, 0.027184466019417475, 0.028737864077669904)"
complex.5_16_39_corrected_H_0001,"(0.04238921001926782, 0.027184466019417475, 0.028737864077669904)"
complex.5_16_8_corrected_H_0001,"(0.04816955684007707, 0.031067961165048542, 0.03300970873786408)"
complex.5_17_17_corrected_H_0001,"(0.046242774566473986, 0.031067961165048542, 0.03262135922330097)"
complex.5_17_1_corrected_H_0001,"(0.04431599229287091, 0.02912621359223301, 0.03067961165048544)"
complex.5_17_2_corrected_H_0001,"(0.04431599229287091, 0.027184466019417475, 0.02912621359223301)"
complex.5_17_33_corrected_H_0001,"(0.04238921001926782, 0.027184466019417475, 0.028737864077669904)"
complex.5_18_27_corrected_H_0001,"(0.03468208092485549, 0.027184466019417475, 0.027184466019417475)"
complex.5_18_35_corrected_H_0001,"(0.04431599229287091, 0.02912621359223301, 0.03067961165048544)"
complex.5_18_6_corrected_H_0001,"(0.04431599229287091, 0.02912621359223301, 0.03067961165048544)"
complex.5_19_2_corrected_H_0001,"(0.04431599229287091, 0.02912621359223301, 0.03067961165048544)"
complex.5_19_4_corrected_H_0001,"(0.04431599229287091, 0.02912621359223301, 0.03067961165048544)"
complex.5_1_0_corrected_H_0001,"(0.01348747591522158, 0.013592233009708738, 0.013592233009708738)"
complex.5_1_33_corrected_H_0001,"(0.011560693641618497, 0.007766990291262136, 0.00854368932038835)"
complex.5_1_35_corrected_H_0001,"(0.017341040462427744, 0.013592233009708738, 0.014368932038834952)"
complex.5_1_40_corrected_H_0001,"(0.023121387283236993, 0.02131782945736434, 0.02180232558139535)"
complex.5_1_7_corrected_H_0001,"(0.019267822736030827, 0.015533980582524271, 0.016310679611650485)"
complex.5_2_45_corrected_H_0001,"(0.009633911368015413, 0.005825242718446602, 0.006601941747572815)"
complex.5_3_10_corrected_H_0001,"(0.019267822736030827, 0.015533980582524271, 0.014757281553398057)"
complex.5_3_13_corrected_H_0001,"(0.011560693641618497, 0.007766990291262136, 0.00854368932038835)"
complex.5_3_25_corrected_H_0001,"(0.015414258188824663, 0.015533980582524271, 0.015533980582524271)"
complex.5_3_39_corrected_H_0001,"(0.02119460500963391, 0.019417475728155338, 0.019805825242718445)"
complex.5_3_5_corrected_H_0001,"(0.015414258188824663, 0.011650485436893204, 0.01087378640776699)"
complex.5_3_7_corrected_H_0001,"(0.015414258188824663, 0.013592233009708738, 0.013980582524271845)"
complex.5_4_17_corrected_H_0001,"(0.019267822736030827, 0.019417475728155338, 0.019417475728155338)"
complex.5_4_19_corrected_H_0001,"(0.02697495183044316, 0.019417475728155338, 0.019417475728155338)"
complex.5_4_6_corrected_H_0001,"(0.019267822736030827, 0.011627906976744186, 0.012112403100775194)"
complex.5_5_10_corrected_H_0001,"(0.02119460500963391, 0.021359223300970873, 0.021359223300970873)"
complex.5_5_21_corrected_H_0001,"(0.017341040462427744, 0.011650485436893204, 0.011262135922330097)"
complex.5_5_27_corrected_H_0001,"(0.019267822736030827, 0.019417475728155338, 0.019417475728155338)"
complex.5_5_28_corrected_H_0001,"(0.025048169556840076, 0.02524271844660194, 0.02524271844660194)"
complex.5_5_44_corrected_H_0001,"(0.023121387283236993, 0.02330097087378641, 0.02330097087378641)"
complex.5_5_6_corrected_H_0001,"(0.011560693641618497, 0.009708737864077669, 0.010097087378640778)"
complex.5_5_7_corrected_H_0001,"(0.025048169556840076, 0.021359223300970873, 0.02058252427184466)"
complex.5_6_12_corrected_H_0001,"(0.030828516377649325, 0.02912621359223301, 0.029514563106796114)"
complex.5_6_18_corrected_H_0001,"(0.009633911368015413, 0.009708737864077669, 0.009708737864077669)"
complex.5_6_33_corrected_H_0001,"(0.02697495183044316, 0.02330097087378641, 0.024077669902912623)"
complex.5_6_35_corrected_H_0001,"(0.03275529865125241, 0.02524271844660194, 0.02524271844660194)"
complex.5_6_37_corrected_H_0001,"(0.023121387283236993, 0.02330097087378641, 0.02330097087378641)"
complex.5_7_11_corrected_H_0001,"(0.015414258188824663, 0.015533980582524271, 0.015533980582524271)"
complex.5_7_19_corrected_H_0001,"(0.025048169556840076, 0.02330097087378641, 0.023689320388349512)"
complex.5_7_31_corrected_H_0001,"(0.02119460500963391, 0.019417475728155338, 0.019805825242718445)"
complex.5_7_34_corrected_H_0001,"(0.036608863198458574, 0.021359223300970873, 0.0229126213592233)"
complex.5_7_37_corrected_H_0001,"(0.023121387283236993, 0.017475728155339806, 0.0170873786407767)"
complex.5_7_42_corrected_H_0001,"(0.023121387283236993, 0.02330097087378641, 0.02330097087378641)"
complex.5_7_45_corrected_H_0001,"(0.02697495183044316, 0.021359223300970873, 0.02097087378640777)"
complex.5_8_18_corrected_H_0001,"(0.046242774566473986, 0.031067961165048542, 0.03262135922330097)"
complex.5_8_20_corrected_H_0001,"(0.023121387283236993, 0.02330097087378641, 0.02330097087378641)"
complex.5_8_42_corrected_H_0001,"(0.015414258188824663, 0.015533980582524271, 0.015533980582524271)"
complex.5_8_45_corrected_H_0001,"(0.023121387283236993, 0.019417475728155338, 0.020194174757281556)"
complex.5_9_23_corrected_H_0001,"(0.028901734104046242, 0.02912621359223301, 0.02912621359223301)"
complex.5_9_26_corrected_H_0001,"(0.04431599229287091, 0.02912621359223301, 0.03067961165048544)"
complex.5_9_42_corrected_H_0001,"(0.02697495183044316, 0.02330097087378641, 0.022524271844660194)"
complex.6_0_11_corrected_H_0001,"(0.019267822736030827, 0.019417475728155338, 0.019417475728155338)"
complex.6_0_14_corrected_H_0001,"(0.02119460500963391, 0.021359223300970873, 0.021359223300970873)"
complex.6_0_2_corrected_H_0001,"(0.01348747591522158, 0.011650485436893204, 0.012038834951456311)"
complex.6_0_32_corrected_H_0001,"(0.015414258188824663, 0.013592233009708738, 0.013980582524271845)"
complex.6_0_37_corrected_H_0001,"(0.02119460500963391, 0.017475728155339806, 0.016699029126213592)"
complex.6_10_16_corrected_H_0001,"(0.03468208092485549, 0.02912621359223301, 0.028737864077669904)"
complex.6_10_38_corrected_H_0001,"(0.02697495183044316, 0.027184466019417475, 0.027184466019417475)"
complex.6_10_3_corrected_H_0001,"(0.02697495183044316, 0.02524271844660194, 0.025631067961165047)"
complex.6_10_44_corrected_H_0001,"(0.025048169556840076, 0.021359223300970873, 0.022135922330097087)"
complex.6_10_45_corrected_H_0001,"(0.04046242774566474, 0.03294573643410853, 0.03456072351421188)"
complex.6_10_49_corrected_H_0001,"(0.02119460500963391, 0.017475728155339806, 0.01825242718446602)"
complex.6_10_4_corrected_H_0001,"(0.025048169556840076, 0.02524271844660194, 0.02524271844660194)"
complex.6_11_14_corrected_H_0001,"(0.046242774566473986, 0.031067961165048542, 0.03262135922330097)"
complex.6_11_18_corrected_H_0001,"(0.025048169556840076, 0.021359223300970873, 0.022135922330097087)"
complex.6_11_32_corrected_H_0001,"(0.030828516377649325, 0.02524271844660194, 0.024854368932038837)"
complex.6_11_3_corrected_H_0001,"(0.028901734104046242, 0.029013539651837523, 0.029013539651837523)"
complex.6_12_0_corrected_H_0001,"(0.04431599229287091, 0.02912621359223301, 0.03067961165048544)"
complex.6_12_25_corrected_H_0001,"(0.04238921001926782, 0.027184466019417475, 0.028737864077669904)"
complex.6_12_30_corrected_H_0001,"(0.04238921001926782, 0.027184466019417475, 0.028737864077669904)"
complex.6_13_18_corrected_H_0001,"(0.046242774566473986, 0.031067961165048542, 0.03262135922330097)"
complex.6_13_23_corrected_H_0001,"(0.04238921001926782, 0.027184466019417475, 0.028737864077669904)"
complex.6_13_24_corrected_H_0001,"(0.04238921001926782, 0.027184466019417475, 0.028737864077669904)"
complex.6_13_39_corrected_H_0001,"(0.04431599229287091, 0.02912621359223301, 0.03067961165048544)"
complex.6_14_0_corrected_H_0001,"(0.03468208092485549, 0.027184466019417475, 0.027184466019417475)"
complex.6_14_11_corrected_H_0001,"(0.036608863198458574, 0.031007751937984496, 0.031007751937984496)"
complex.6_14_27_corrected_H_0001,"(0.04238921001926782, 0.027184466019417475, 0.028737864077669904)"
complex.6_14_33_corrected_H_0001,"(0.046242774566473986, 0.031067961165048542, 0.03262135922330097)"
complex.6_15_16_corrected_H_0001,"(0.046242774566473986, 0.031067961165048542, 0.03262135922330097)"
complex.6_15_20_corrected_H_0001,"(0.038535645472061654, 0.031067961165048542, 0.031067961165048542)"
complex.6_15_37_corrected_H_0001,"(0.03468208092485549, 0.029069767441860465, 0.029069767441860465)"
complex.6_15_7_corrected_H_0001,"(0.04238921001926782, 0.027184466019417475, 0.028737864077669904)"
complex.6_16_17_corrected_H_0001,"(0.046242774566473986, 0.031067961165048542, 0.03262135922330097)"
complex.6_16_25_corrected_H_0001,"(0.038535645472061654, 0.031067961165048542, 0.031067961165048542)"
complex.6_16_27_corrected_H_0001,"(0.04238921001926782, 0.027184466019417475, 0.028737864077669904)"
complex.6_16_47_corrected_H_0001,"(0.038535645472061654, 0.03294573643410853, 0.03294573643410853)"
complex.6_16_48_corrected_H_0001,"(0.036608863198458574, 0.02912621359223301, 0.02912621359223301)"
complex.6_16_7_corrected_H_0001,"(0.03468208092485549, 0.027184466019417475, 0.027184466019417475)"
complex.6_17_20_corrected_H_0001,"(0.04238921001926782, 0.027184466019417475, 0.028737864077669904)"
complex.6_17_23_corrected_H_0001,"(0.04238921001926782, 0.027184466019417475, 0.028737864077669904)"
complex.6_17_3_corrected_H_0001,"(0.03468208092485549, 0.027184466019417475, 0.027184466019417475)"
complex.6_18_10_corrected_H_0001,"(0.046242774566473986, 0.031067961165048542, 0.03262135922330097)"
complex.6_18_13_corrected_H_0001,"(0.04816955684007707, 0.03300970873786408, 0.03456310679611651)"
complex.6_18_17_corrected_H_0001,"(0.038535645472061654, 0.03294573643410853, 0.03294573643410853)"
complex.6_18_18_corrected_H_0001,"(0.036608863198458574, 0.02912621359223301, 0.02912621359223301)"
complex.6_18_42_corrected_H_0001,"(0.036608863198458574, 0.031007751937984496, 0.031007751937984496)"
complex.6_18_9_corrected_H_0001,"(0.04431599229287091, 0.02912621359223301, 0.03067961165048544)"
complex.6_1_10_corrected_H_0001,"(0.015414258188824663, 0.015533980582524271, 0.015533980582524271)"
complex.6_1_13_corrected_H_0001,"(0.015414258188824663, 0.013565891472868217, 0.014050387596899225)"
complex.6_1_16_corrected_H_0001,"(0.01348747591522158, 0.007766990291262136, 0.0073786407766990286)"
complex.6_1_44_corrected_H_0001,"(0.015414258188824663, 0.013592233009708738, 0.013980582524271845)"
complex.6_2_46_corrected_H_0001,"(0.011560693641618497, 0.011627906976744186, 0.011627906976744186)"
complex.6_2_9_corrected_H_0001,"(0.011560693641618497, 0.007766990291262136, 0.00854368932038835)"
complex.6_3_14_corrected_H_0001,"(0.015414258188824663, 0.013592233009708738, 0.013980582524271845)"
complex.6_3_19_corrected_H_0001,"(0.017341040462427744, 0.017475728155339806, 0.017475728155339806)"
complex.6_3_22_corrected_H_0001,"(0.005780346820809248, 0.005825242718446602, 0.005825242718446602)"
complex.6_3_31_corrected_H_0001,"(0.01348747591522158, 0.013592233009708738, 0.013592233009708738)"
complex.6_3_42_corrected_H_0001,"(0.01348747591522158, 0.013592233009708738, 0.013592233009708738)"
complex.6_3_44_corrected_H_0001,"(0.009633911368015413, 0.007766990291262136, 0.008155339805825243)"
complex.6_4_24_corrected_H_0001,"(0.02697495183044316, 0.027184466019417475, 0.027184466019417475)"
complex.6_4_27_corrected_H_0001,"(0.019267822736030827, 0.019417475728155338, 0.019417475728155338)"
complex.6_4_35_corrected_H_0001,"(0.01348747591522158, 0.011650485436893204, 0.012038834951456311)"
complex.6_4_36_corrected_H_0001,"(0.025048169556840076, 0.019417475728155338, 0.019029126213592235)"
complex.6_4_44_corrected_H_0001,"(0.015414258188824663, 0.011650485436893204, 0.01087378640776699)"
complex.6_4_47_corrected_H_0001,"(0.011560693641618497, 0.009708737864077669, 0.010097087378640778)"
complex.6_5_19_corrected_H_0001,"(0.017341040462427744, 0.013592233009708738, 0.014368932038834952)"
complex.6_5_20_corrected_H_0001,"(0.017341040462427744, 0.015533980582524271, 0.015922330097087378)"
complex.6_5_33_corrected_H_0001,"(0.03468208092485549, 0.02912621359223301, 0.028737864077669904)"
complex.6_5_37_corrected_H_0001,"(0.017341040462427744, 0.017475728155339806, 0.017475728155339806)"
complex.6_5_41_corrected_H_0001,"(0.015414258188824663, 0.011650485436893204, 0.012427184466019418)"
complex.6_6_0_corrected_H_0001,"(0.02697495183044316, 0.019417475728155338, 0.019417475728155338)"
complex.6_6_10_corrected_H_0001,"(0.02119460500963391, 0.021359223300970873, 0.021359223300970873)"
complex.6_6_15_corrected_H_0001,"(0.02119460500963391, 0.017475728155339806, 0.016699029126213592)"
complex.6_6_16_corrected_H_0001,"(0.025048169556840076, 0.021359223300970873, 0.02058252427184466)"
complex.6_6_25_corrected_H_0001,"(0.023121387283236993, 0.02321083172147002, 0.02321083172147002)"
complex.6_6_26_corrected_H_0001,"(0.025048169556840076, 0.02524271844660194, 0.02524271844660194)"
complex.6_6_3_corrected_H_0001,"(0.023121387283236993, 0.02330097087378641, 0.02330097087378641)"
complex.6_6_42_corrected_H_0001,"(0.015414258188824663, 0.013565891472868217, 0.014050387596899225)"
complex.6_6_44_corrected_H_0001,"(0.04238921001926782, 0.027184466019417475, 0.028737864077669904)"
complex.6_6_49_corrected_H_0001,"(0.025048169556840076, 0.02524271844660194, 0.02524271844660194)"
complex.6_6_6_corrected_H_0001,"(0.025048169556840076, 0.02524271844660194, 0.02524271844660194)"
complex.6_6_7_corrected_H_0001,"(0.025048169556840076, 0.02524271844660194, 0.02524271844660194)"
complex.6_6_8_corrected_H_0001,"(0.023121387283236993, 0.017475728155339806, 0.0170873786407767)"
complex.6_7_15_corrected_H_0001,"(0.019267822736030827, 0.019417475728155338, 0.019417475728155338)"
complex.6_7_17_corrected_H_0001,"(0.028901734104046242, 0.027184466019417475, 0.027572815533980582)"
complex.6_7_25_corrected_H_0001,"(0.02119460500963391, 0.017475728155339806, 0.01825242718446602)"
complex.6_7_2_corrected_H_0001,"(0.023121387283236993, 0.02330097087378641, 0.02330097087378641)"
complex.6_7_44_corrected_H_0001,"(0.015414258188824663, 0.013592233009708738, 0.013980582524271845)"
complex.6_7_7_corrected_H_0001,"(0.019267822736030827, 0.017475728155339806, 0.01786407766990291)"
complex.6_8_15_corrected_H_0001,"(0.028901734104046242, 0.021359223300970873, 0.021359223300970873)"
complex.6_8_19_corrected_H_0001,"(0.04238921001926782, 0.027184466019417475, 0.028737864077669904)"
complex.6_9_16_corrected_H_0001,"(0.03468208092485549, 0.019417475728155338, 0.02097087378640777)"
complex.6_9_19_corrected_H_0001,"(0.04431599229287091, 0.02912621359223301, 0.03067961165048544)"
complex.6_9_29_corrected_H_0001,"(0.019267822736030827, 0.019417475728155338, 0.019417475728155338)"
complex.6_9_44_corrected_H_0001,"(0.04238921001926782, 0.027184466019417475, 0.028737864077669904)"
complex.7_0_23_corrected_H_0001,"(0.017341040462427744, 0.017475728155339806, 0.017475728155339806)"
complex.7_0_47_corrected_H_0001,"(0.01348747591522158, 0.011650485436893204, 0.012038834951456311)"
complex.7_10_20_corrected_H_0001,"(0.023121387283236993, 0.019417475728155338, 0.020194174757281556)"
complex.7_10_28_corrected_H_0001,"(0.04431599229287091, 0.02912621359223301, 0.03067961165048544)"
complex.7_10_42_corrected_H_0001,"(0.02697495183044316, 0.02524271844660194, 0.025631067961165047)"
complex.7_10_46_corrected_H_0001,"(0.036608863198458574, 0.031007751937984496, 0.031007751937984496)"
complex.7_10_47_corrected_H_0001,"(0.02697495183044316, 0.02524271844660194, 0.025631067961165047)"
complex.7_11_11_corrected_H_0001,"(0.04238921001926782, 0.027184466019417475, 0.028737864077669904)"
complex.7_11_17_corrected_H_0001,"(0.03468208092485549, 0.027131782945736434, 0.02874677002583979)"
complex.7_11_19_corrected_H_0001,"(0.04238921001926782, 0.027184466019417475, 0.028737864077669904)"
complex.7_11_22_corrected_H_0001,"(0.04431599229287091, 0.02912621359223301, 0.03067961165048544)"
complex.7_11_23_corrected_H_0001,"(0.04238921001926782, 0.027184466019417475, 0.028737864077669904)"
complex.7_11_29_corrected_H_0001,"(0.04238921001926782, 0.02529182879377432, 0.026588845654993518)"
complex.7_11_33_corrected_H_0001,"(0.04238921001926782, 0.027184466019417475, 0.028737864077669904)"
complex.7_11_34_corrected_H_0001,"(0.030828516377649325, 0.02524271844660194, 0.024854368932038837)"
complex.7_11_37_corrected_H_0001,"(0.036608863198458574, 0.02912621359223301, 0.02912621359223301)"
complex.7_11_8_corrected_H_0001,"(0.04431599229287091, 0.02912621359223301, 0.03067961165048544)"
complex.7_12_37_corrected_H_0001,"(0.025048169556840076, 0.02330097087378641, 0.023689320388349512)"
complex.7_12_41_corrected_H_0001,"(0.03468208092485549, 0.027184466019417475, 0.027184466019417475)"
complex.7_12_46_corrected_H_0001,"(0.03468208092485549, 0.027184466019417475, 0.027184466019417475)"
complex.7_12_48_corrected_H_0001,"(0.03468208092485549, 0.029069767441860465, 0.029069767441860465)"
complex.7_12_9_corrected_H_0001,"(0.04431599229287091, 0.02912621359223301, 0.03067961165048544)"
complex.7_13_1_corrected_H_0001,"(0.04431599229287091, 0.02912621359223301, 0.03067961165048544)"
complex.7_13_27_corrected_H_0001,"(0.04238921001926782, 0.027184466019417475, 0.028737864077669904)"
complex.7_13_29_corrected_H_0001,"(0.04238921001926782, 0.027184466019417475, 0.028737864077669904)"
complex.7_13_32_corrected_H_0001,"(0.03275529865125241, 0.02912621359223301, 0.028349514563106797)"
complex.7_13_41_corrected_H_0001,"(0.036608863198458574, 0.02912621359223301, 0.02912621359223301)"
complex.7_13_48_corrected_H_0001,"(0.04431599229287091, 0.02912621359223301, 0.03067961165048544)"
complex.7_13_49_corrected_H_0001,"(0.04431599229287091, 0.02912621359223301, 0.03067961165048544)"
complex.7_15_14_corrected_H_0001,"(0.04431599229287091, 0.02912621359223301, 0.03067961165048544)"
complex.7_15_17_corrected_H_0001,"(0.04431599229287091, 0.02912621359223301, 0.03067961165048544)"
complex.7_15_21_corrected_H_0001,"(0.04431599229287091, 0.02912621359223301, 0.03067961165048544)"
complex.7_15_26_corrected_H_0001,"(0.046242774566473986, 0.02912621359223301, 0.031067961165048542)"
complex.7_15_33_corrected_H_0001,"(0.04238921001926782, 0.027184466019417475, 0.028737864077669904)"
complex.7_15_35_corrected_H_0001,"(0.04238921001926782, 0.027184466019417475, 0.028737864077669904)"
complex.7_15_48_corrected_H_0001,"(0.04046242774566474, 0.03294573643410853, 0.03343023255813953)"
complex.7_15_49_corrected_H_0001,"(0.036608863198458574, 0.031007751937984496, 0.031007751937984496)"
complex.7_16_10_corrected_H_0001,"(0.04238921001926782, 0.027184466019417475, 0.028737864077669904)"
complex.7_16_14_corrected_H_0001,"(0.046242774566473986, 0.031067961165048542, 0.03262135922330097)"
complex.7_16_20_corrected_H_0001,"(0.03468208092485549, 0.027184466019417475, 0.027184466019417475)"
complex.7_16_33_corrected_H_0001,"(0.046242774566473986, 0.031067961165048542, 0.03262135922330097)"
complex.7_16_37_corrected_H_0001,"(0.04238921001926782, 0.027184466019417475, 0.028737864077669904)"
complex.7_16_49_corrected_H_0001,"(0.04046242774566474, 0.03300970873786408, 0.03300970873786408)"
complex.7_17_25_corrected_H_0001,"(0.046242774566473986, 0.031067961165048542, 0.03262135922330097)"
complex.7_17_26_corrected_H_0001,"(0.036608863198458574, 0.031007751937984496, 0.031007751937984496)"
complex.7_17_41_corrected_H_0001,"(0.04238921001926782, 0.027184466019417475, 0.028737864077669904)"
complex.7_17_43_corrected_H_0001,"(0.046242774566473986, 0.031067961165048542, 0.03262135922330097)"
complex.7_17_46_corrected_H_0001,"(0.04431599229287091, 0.02912621359223301, 0.03067961165048544)"
complex.7_17_48_corrected_H_0001,"(0.03468208092485549, 0.027184466019417475, 0.027184466019417475)"
complex.7_18_19_corrected_H_0001,"(0.04238921001926782, 0.027184466019417475, 0.028737864077669904)"
complex.7_18_1_corrected_H_0001,"(0.04431599229287091, 0.02912621359223301, 0.03067961165048544)"
complex.7_18_5_corrected_H_0001,"(0.04431599229287091, 0.02912621359223301, 0.03067961165048544)"
complex.7_18_7_corrected_H_0001,"(0.04816955684007707, 0.03300970873786408, 0.03456310679611651)"
complex.7_1_20_corrected_H_0001,"(0.011560693641618497, 0.009708737864077669, 0.010097087378640778)"
complex.7_1_41_corrected_H_0001,"(0.015414258188824663, 0.015533980582524271, 0.015533980582524271)"
complex.7_1_4_corrected_H_0001,"(0.025048169556840076, 0.019455252918287938, 0.020428015564202335)"
complex.7_1_6_corrected_H_0001,"(0.015414258188824663, 0.007766990291262136, 0.007766990291262136)"
complex.7_2_11_corrected_H_0001,"(0.01348747591522158, 0.013565891472868217, 0.013565891472868217)"
complex.7_2_14_corrected_H_0001,"(0.011560693641618497, 0.009708737864077669, 0.010097087378640778)"
complex.7_2_15_corrected_H_0001,"(0.015414258188824663, 0.011650485436893204, 0.012427184466019418)"
complex.7_2_19_corrected_H_0001,"(0.007707129094412331, 0.007766990291262136, 0.007766990291262136)"
complex.7_2_1_corrected_H_0001,"(0.01348747591522158, 0.007766990291262136, 0.0073786407766990286)"
complex.7_2_24_corrected_H_0001,"(0.0038535645472061657, 0.003883495145631068, 0.003883495145631068)"
complex.7_2_30_corrected_H_0001,"(0.017341040462427744, 0.013592233009708738, 0.012815533980582524)"
complex.7_2_32_corrected_H_0001,"(0.009633911368015413, 0.005825242718446602, 0.005048543689320389)"
complex.7_2_36_corrected_H_0001,"(0.015414258188824663, 0.011627906976744186, 0.012596899224806201)"
complex.7_2_39_corrected_H_0001,"(0.015414258188824663, 0.015473887814313346, 0.015473887814313346)"
complex.7_2_43_corrected_H_0001,"(0.025048169556840076, 0.017475728155339806, 0.017475728155339806)"
complex.7_3_17_corrected_H_0001,"(0.025048169556840076, 0.021359223300970873, 0.02058252427184466)"
complex.7_3_20_corrected_H_0001,"(0.015414258188824663, 0.015533980582524271, 0.015533980582524271)"
complex.7_3_30_corrected_H_0001,"(0.02119460500963391, 0.021359223300970873, 0.021359223300970873)"
complex.7_3_34_corrected_H_0001,"(0.017341040462427744, 0.017475728155339806, 0.017475728155339806)"
complex.7_3_37_corrected_H_0001,"(0.023121387283236993, 0.01744186046511628, 0.01744186046511628)"
complex.7_3_38_corrected_H_0001,"(0.011560693641618497, 0.009708737864077669, 0.010097087378640778)"
complex.7_3_3_corrected_H_0001,"(0.015414258188824663, 0.011650485436893204, 0.012427184466019418)"
complex.7_4_25_corrected_H_0001,"(0.023121387283236993, 0.019417475728155338, 0.020194174757281556)"
complex.7_4_32_corrected_H_0001,"(0.01348747591522158, 0.009708737864077669, 0.008932038834951455)"
complex.7_4_33_corrected_H_0001,"(0.009633911368015413, 0.005825242718446602, 0.005048543689320389)"
complex.7_4_38_corrected_H_0001,"(0.030828516377649325, 0.015533980582524271, 0.0170873786407767)"
complex.7_4_42_corrected_H_0001,"(0.017341040462427744, 0.017475728155339806, 0.017475728155339806)"
complex.7_5_17_corrected_H_0001,"(0.02119460500963391, 0.021359223300970873, 0.021359223300970873)"
complex.7_5_1_corrected_H_0001,"(0.015414258188824663, 0.011650485436893204, 0.012427184466019418)"
complex.7_5_23_corrected_H_0001,"(0.03275529865125241, 0.027184466019417475, 0.026796116504854372)"
complex.7_5_40_corrected_H_0001,"(0.02119460500963391, 0.015533980582524271, 0.015145631067961164)"
complex.7_5_5_corrected_H_0001,"(0.009633911368015413, 0.005825242718446602, 0.006601941747572815)"
complex.7_6_21_corrected_H_0001,"(0.017341040462427744, 0.013592233009708738, 0.012815533980582524)"
complex.7_6_24_corrected_H_0001,"(0.019267822736030827, 0.015533980582524271, 0.016310679611650485)"
complex.7_6_30_corrected_H_0001,"(0.023121387283236993, 0.02330097087378641, 0.02330097087378641)"
complex.7_6_34_corrected_H_0001,"(0.02697495183044316, 0.027184466019417475, 0.027184466019417475)"
complex.7_6_9_corrected_H_0001,"(0.009633911368015413, 0.007766990291262136, 0.008155339805825243)"
complex.7_7_16_corrected_H_0001,"(0.019267822736030827, 0.017475728155339806, 0.01786407766990291)"
complex.7_7_49_corrected_H_0001,"(0.015414258188824663, 0.015533980582524271, 0.015533980582524271)"
complex.7_7_4_corrected_H_0001,"(0.023121387283236993, 0.02330097087378641, 0.02330097087378641)"
complex.7_7_8_corrected_H_0001,"(0.02119460500963391, 0.02131782945736434, 0.02131782945736434)"
complex.7_8_10_corrected_H_0001,"(0.04046242774566474, 0.02524271844660194, 0.026796116504854372)"
complex.7_8_13_corrected_H_0001,"(0.04046242774566474, 0.02524271844660194, 0.026796116504854372)"
complex.7_8_23_corrected_H_0001,"(0.023121387283236993, 0.02330097087378641, 0.02330097087378641)"
complex.7_8_24_corrected_H_0001,"(0.015414258188824663, 0.015533980582524271, 0.015533980582524271)"
complex.7_8_34_corrected_H_0001,"(0.025048169556840076, 0.021359223300970873, 0.022135922330097087)"
complex.7_8_37_corrected_H_0001,"(0.04431599229287091, 0.029182879377431907, 0.030155642023346304)"
complex.7_8_43_corrected_H_0001,"(0.028901734104046242, 0.021359223300970873, 0.021359223300970873)"
complex.7_8_5_corrected_H_0001,"(0.028901734104046242, 0.02524271844660194, 0.026019417475728154)"
complex.7_9_13_corrected_H_0001,"(0.025048169556840076, 0.02524271844660194, 0.02524271844660194)"
complex.7_9_31_corrected_H_0001,"(0.02119460500963391, 0.017475728155339806, 0.01825242718446602)"
complex.7_9_47_corrected_H_0001,"(0.023121387283236993, 0.02330097087378641, 0.02330097087378641)"
complex.7_9_4_corrected_H_0001,"(0.04238921001926782, 0.027184466019417475, 0.028737864077669904)"
complex.8_0_21_corrected_H_0001,"(0.009633911368015413, 0.009708737864077669, 0.009708737864077669)"
complex.8_0_44_corrected_H_0001,"(0.023121387283236993, 0.007766990291262136, 0.009320388349514562)"
complex.8_10_13_corrected_H_0001,"(0.036608863198458574, 0.02912621359223301, 0.02912621359223301)"
complex.8_10_21_corrected_H_0001,"(0.046242774566473986, 0.031067961165048542, 0.03262135922330097)"
complex.8_10_33_corrected_H_0001,"(0.03468208092485549, 0.027184466019417475, 0.027184466019417475)"
complex.8_11_41_corrected_H_0001,"(0.046242774566473986, 0.031067961165048542, 0.03262135922330097)"
complex.8_12_10_corrected_H_0001,"(0.046242774566473986, 0.031067961165048542, 0.03262135922330097)"
complex.8_12_11_corrected_H_0001,"(0.036608863198458574, 0.02912621359223301, 0.02912621359223301)"
complex.8_12_14_corrected_H_0001,"(0.046242774566473986, 0.031067961165048542, 0.03262135922330097)"
complex.8_12_15_corrected_H_0001,"(0.04238921001926782, 0.027184466019417475, 0.028737864077669904)"
complex.8_12_1_corrected_H_0001,"(0.03275529865125241, 0.027184466019417475, 0.026796116504854372)"
complex.8_12_21_corrected_H_0001,"(0.04431599229287091, 0.02912621359223301, 0.03067961165048544)"
complex.8_12_22_corrected_H_0001,"(0.03275529865125241, 0.029069767441860465, 0.030038759689922482)"
complex.8_12_27_corrected_H_0001,"(0.04046242774566474, 0.03300970873786408, 0.03300970873786408)"
complex.8_12_32_corrected_H_0001,"(0.04431599229287091, 0.02912621359223301, 0.03067961165048544)"
complex.8_13_14_corrected_H_0001,"(0.04238921001926782, 0.027184466019417475, 0.028737864077669904)"
complex.8_13_25_corrected_H_0001,"(0.03468208092485549, 0.027184466019417475, 0.027184466019417475)"
complex.8_13_30_corrected_H_0001,"(0.03468208092485549, 0.027184466019417475, 0.027184466019417475)"
complex.8_13_40_corrected_H_0001,"(0.04431599229287091, 0.02912621359223301, 0.03067961165048544)"
complex.8_14_13_corrected_H_0001,"(0.04431599229287091, 0.02912621359223301, 0.03067961165048544)"
complex.8_14_17_corrected_H_0001,"(0.036608863198458574, 0.031007751937984496, 0.031007751937984496)"
complex.8_14_29_corrected_H_0001,"(0.036608863198458574, 0.02912621359223301, 0.02912621359223301)"
complex.8_14_34_corrected_H_0001,"(0.046242774566473986, 0.031067961165048542, 0.03262135922330097)"
complex.8_14_36_corrected_H_0001,"(0.036608863198458574, 0.02912621359223301, 0.02912621359223301)"
complex.8_14_41_corrected_H_0001,"(0.03468208092485549, 0.031067961165048542, 0.031844660194174756)"
complex.8_14_49_corrected_H_0001,"(0.036608863198458574, 0.02912621359223301, 0.02912621359223301)"
complex.8_15_19_corrected_H_0001,"(0.03468208092485549, 0.029069767441860465, 0.029069767441860465)"
complex.8_15_31_corrected_H_0001,"(0.04816955684007707, 0.03300970873786408, 0.03456310679611651)"
complex.8_15_32_corrected_H_0001,"(0.04431599229287091, 0.02912621359223301, 0.03067961165048544)"
complex.8_15_36_corrected_H_0001,"(0.038535645472061654, 0.031067961165048542, 0.031067961165048542)"
complex.8_15_4_corrected_H_0001,"(0.04238921001926782, 0.027184466019417475, 0.028737864077669904)"
complex.8_15_8_corrected_H_0001,"(0.03275529865125241, 0.02912621359223301, 0.028349514563106797)"
complex.8_17_11_corrected_H_0001,"(0.04238921001926782, 0.027184466019417475, 0.028737864077669904)"
complex.8_17_12_corrected_H_0001,"(0.046242774566473986, 0.031067961165048542, 0.03262135922330097)"
complex.8_17_16_corrected_H_0001,"(0.04431599229287091, 0.02912621359223301, 0.03067961165048544)"
complex.8_17_22_corrected_H_0001,"(0.04238921001926782, 0.027184466019417475, 0.028737864077669904)"
complex.8_17_24_corrected_H_0001,"(0.04046242774566474, 0.03294573643410853, 0.03343023255813953)"
complex.8_17_27_corrected_H_0001,"(0.046242774566473986, 0.031067961165048542, 0.03262135922330097)"
complex.8_17_29_corrected_H_0001,"(0.04431599229287091, 0.02912621359223301, 0.03067961165048544)"
complex.8_17_32_corrected_H_0001,"(0.04431599229287091, 0.02912621359223301, 0.03067961165048544)"
complex.8_17_34_corrected_H_0001,"(0.038535645472061654, 0.03294573643410853, 0.03294573643410853)"
complex.8_17_4_corrected_H_0001,"(0.04431599229287091, 0.02912621359223301, 0.03067961165048544)"
complex.8_17_5_corrected_H_0001,"(0.04238921001926782, 0.027184466019417475, 0.028737864077669904)"
complex.8_18_26_corrected_H_0001,"(0.04238921001926782, 0.027184466019417475, 0.028737864077669904)"
complex.8_1_11_corrected_H_0001,"(0.02119460500963391, 0.017475728155339806, 0.016699029126213592)"
complex.8_1_25_corrected_H_0001,"(0.009633911368015413, 0.009708737864077669, 0.009708737864077669)"
complex.8_1_38_corrected_H_0001,"(0.009633911368015413, 0.007736943907156673, 0.008381689232753063)"
complex.8_1_42_corrected_H_0001,"(0.01348747591522158, 0.009708737864077669, 0.008932038834951455)"
complex.8_1_43_corrected_H_0001,"(0.017341040462427744, 0.009727626459143969, 0.009403372243839171)"
complex.8_1_47_corrected_H_0001,"(0.019267822736030827, 0.013592233009708738, 0.01320388349514563)"
complex.8_1_49_corrected_H_0001,"(0.01348747591522158, 0.009689922480620155, 0.01065891472868217)"
complex.8_1_8_corrected_H_0001,"(0.015414258188824663, 0.011650485436893204, 0.01087378640776699)"
complex.8_2_23_corrected_H_0001,"(0.009633911368015413, 0.005825242718446602, 0.006601941747572815)"
complex.8_2_33_corrected_H_0001,"(0.017341040462427744, 0.015533980582524271, 0.015922330097087378)"
complex.8_2_3_corrected_H_0001,"(0.009633911368015413, 0.005825242718446602, 0.006601941747572815)"
complex.8_2_44_corrected_H_0001,"(0.01348747591522158, 0.009708737864077669, 0.008932038834951455)"
complex.8_2_8_corrected_H_0001,"(0.005780346820809248, 0.003883495145631068, 0.004271844660194175)"
complex.8_3_33_corrected_H_0001,"(0.015414258188824663, 0.015533980582524271, 0.015533980582524271)"
complex.8_3_35_corrected_H_0001,"(0.015414258188824663, 0.011650485436893204, 0.012427184466019418)"
complex.8_4_20_corrected_H_0001,"(0.011560693641618497, 0.007751937984496124, 0.00872093023255814)"
complex.8_4_21_corrected_H_0001,"(0.015414258188824663, 0.011650485436893204, 0.012427184466019418)"
complex.8_4_22_corrected_H_0001,"(0.01348747591522158, 0.013592233009708738, 0.013592233009708738)"
complex.8_4_26_corrected_H_0001,"(0.01348747591522158, 0.013565891472868217, 0.013565891472868217)"
complex.8_4_28_corrected_H_0001,"(0.017341040462427744, 0.011650485436893204, 0.011262135922330097)"
complex.8_4_43_corrected_H_0001,"(0.01348747591522158, 0.013592233009708738, 0.013592233009708738)"
complex.8_4_48_corrected_H_0001,"(0.011560693641618497, 0.007766990291262136, 0.00854368932038835)"
complex.8_5_15_corrected_H_0001,"(0.02697495183044316, 0.027184466019417475, 0.027184466019417475)"
complex.8_5_22_corrected_H_0001,"(0.01348747591522158, 0.011650485436893204, 0.012038834951456311)"
complex.8_5_35_corrected_H_0001,"(0.02697495183044316, 0.025193798449612403, 0.02567829457364341)"
complex.8_5_39_corrected_H_0001,"(0.017341040462427744, 0.013592233009708738, 0.014368932038834952)"
complex.8_5_46_corrected_H_0001,"(0.015414258188824663, 0.011650485436893204, 0.012427184466019418)"
complex.8_6_17_corrected_H_0001,"(0.025048169556840076, 0.017475728155339806, 0.017475728155339806)"
complex.8_6_1_corrected_H_0001,"(0.030828516377649325, 0.02912621359223301, 0.029514563106796114)"
complex.8_6_27_corrected_H_0001,"(0.007707129094412331, 0.007766990291262136, 0.007766990291262136)"
complex.8_6_28_corrected_H_0001,"(0.019267822736030827, 0.019417475728155338, 0.019417475728155338)"
complex.8_6_40_corrected_H_0001,"(0.017341040462427744, 0.011650485436893204, 0.011262135922330097)"
complex.8_6_4_corrected_H_0001,"(0.02119460500963391, 0.017475728155339806, 0.01825242718446602)"
complex.8_7_13_corrected_H_0001,"(0.017341040462427744, 0.017475728155339806, 0.017475728155339806)"
complex.8_7_35_corrected_H_0001,"(0.046242774566473986, 0.031067961165048542, 0.03262135922330097)"
complex.8_8_17_corrected_H_0001,"(0.030828516377649325, 0.027184466019417475, 0.02796116504854369)"
complex.8_8_1_corrected_H_0001,"(0.023121387283236993, 0.019417475728155338, 0.020194174757281556)"
complex.8_8_36_corrected_H_0001,"(0.025048169556840076, 0.02330097087378641, 0.023689320388349512)"
complex.8_8_38_corrected_H_0001,"(0.030828516377649325, 0.015533980582524271, 0.0170873786407767)"
complex.8_8_40_corrected_H_0001,"(0.025048169556840076, 0.02330097087378641, 0.023689320388349512)"
complex.8_8_47_corrected_H_0001,"(0.02697495183044316, 0.023346303501945526, 0.02399481193255512)"
complex.8_8_6_corrected_H_0001,"(0.04046242774566474, 0.02524271844660194, 0.026796116504854372)"
complex.8_9_14_corrected_H_0001,"(0.025048169556840076, 0.02524271844660194, 0.02524271844660194)"
complex.8_9_21_corrected_H_0001,"(0.03468208092485549, 0.027184466019417475, 0.027184466019417475)"
complex.8_9_24_corrected_H_0001,"(0.023121387283236993, 0.02330097087378641, 0.02330097087378641)"
complex.8_9_32_corrected_H_0001,"(0.030828516377649325, 0.027131782945736434, 0.027454780361757105)"
complex.8_9_34_corrected_H_0001,"(0.046242774566473986, 0.031067961165048542, 0.03262135922330097)"
complex.8_9_39_corrected_H_0001,"(0.023121387283236993, 0.019417475728155338, 0.020194174757281556)"
complex.8_9_41_corrected_H_0001,"(0.023121387283236993, 0.02330097087378641, 0.02330097087378641)"
complex.8_9_7_corrected_H_0001,"(0.017341040462427744, 0.01744186046511628, 0.01744186046511628)"
complex.9_0_12_corrected_H_0001,"(0.019267822736030827, 0.017408123791102514, 0.016763378465506126)"
complex.9_0_13_corrected_H_0001,"(0.011560693641618497, 0.007766990291262136, 0.00854368932038835)"
complex.9_0_17_corrected_H_0001,"(0.015414258188824663, 0.013592233009708738, 0.013980582524271845)"
complex.9_0_24_corrected_H_0001,"(0.009633911368015413, 0.009708737864077669, 0.009708737864077669)"
complex.9_0_27_corrected_H_0001,"(0.017341040462427744, 0.015533980582524271, 0.015922330097087378)"
complex.9_0_6_corrected_H_0001,"(0.017341040462427744, 0.015533980582524271, 0.015922330097087378)"
complex.9_10_0_corrected_H_0001,"(0.03468208092485549, 0.027184466019417475, 0.027184466019417475)"
complex.9_10_15_corrected_H_0001,"(0.030828516377649325, 0.025193798449612403, 0.025193798449612403)"
complex.9_10_39_corrected_H_0001,"(0.036608863198458574, 0.031067961165048542, 0.03067961165048544)"
complex.9_11_24_corrected_H_0001,"(0.04431599229287091, 0.02912621359223301, 0.03067961165048544)"
complex.9_11_30_corrected_H_0001,"(0.030828516377649325, 0.02524271844660194, 0.024854368932038837)"
complex.9_11_48_corrected_H_0001,"(0.038535645472061654, 0.031067961165048542, 0.031067961165048542)"
complex.9_12_16_corrected_H_0001,"(0.04431599229287091, 0.02912621359223301, 0.03067961165048544)"
complex.9_12_23_corrected_H_0001,"(0.02697495183044316, 0.02524271844660194, 0.025631067961165047)"
complex.9_12_39_corrected_H_0001,"(0.04431599229287091, 0.02912621359223301, 0.03067961165048544)"
complex.9_13_10_corrected_H_0001,"(0.03468208092485549, 0.027184466019417475, 0.027184466019417475)"
complex.9_13_4_corrected_H_0001,"(0.04238921001926782, 0.027184466019417475, 0.028737864077669904)"
complex.9_13_5_corrected_H_0001,"(0.038535645472061654, 0.031067961165048542, 0.031067961165048542)"
complex.9_13_7_corrected_H_0001,"(0.036608863198458574, 0.02912621359223301, 0.02912621359223301)"
complex.9_13_8_corrected_H_0001,"(0.03468208092485549, 0.027184466019417475, 0.027184466019417475)"
complex.9_14_31_corrected_H_0001,"(0.04431599229287091, 0.02912621359223301, 0.03067961165048544)"
complex.9_14_39_corrected_H_0001,"(0.046242774566473986, 0.031067961165048542, 0.03262135922330097)"
complex.9_15_29_corrected_H_0001,"(0.04238921001926782, 0.027184466019417475, 0.028737864077669904)"
complex.9_15_41_corrected_H_0001,"(0.03468208092485549, 0.027184466019417475, 0.027184466019417475)"
complex.9_15_42_corrected_H_0001,"(0.046242774566473986, 0.031067961165048542, 0.03262135922330097)"
complex.9_15_45_corrected_H_0001,"(0.04431599229287091, 0.02912621359223301, 0.03067961165048544)"
complex.9_15_5_corrected_H_0001,"(0.04238921001926782, 0.027184466019417475, 0.028737864077669904)"
complex.9_16_0_corrected_H_0001,"(0.04431599229287091, 0.02912621359223301, 0.03067961165048544)"
complex.9_16_18_corrected_H_0001,"(0.046242774566473986, 0.031067961165048542, 0.03262135922330097)"
complex.9_16_26_corrected_H_0001,"(0.04238921001926782, 0.027184466019417475, 0.028737864077669904)"
complex.9_16_32_corrected_H_0001,"(0.046242774566473986, 0.031067961165048542, 0.03262135922330097)"
complex.9_16_41_corrected_H_0001,"(0.046242774566473986, 0.02912621359223301, 0.031067961165048542)"
complex.9_17_0_corrected_H_0001,"(0.04238921001926782, 0.027184466019417475, 0.028737864077669904)"
complex.9_17_35_corrected_H_0001,"(0.04816955684007707, 0.03300970873786408, 0.03456310679611651)"
complex.9_18_0_corrected_H_0001,"(0.04431599229287091, 0.02912621359223301, 0.03067961165048544)"
complex.9_18_16_corrected_H_0001,"(0.04431599229287091, 0.02912621359223301, 0.03067961165048544)"
complex.9_18_33_corrected_H_0001,"(0.036608863198458574, 0.029069767441860465, 0.03068475452196382)"
complex.9_18_39_corrected_H_0001,"(0.04431599229287091, 0.02912621359223301, 0.03067961165048544)"
complex.9_19_1_corrected_H_0001,"(0.04431599229287091, 0.02912621359223301, 0.03067961165048544)"
complex.9_1_14_corrected_H_0001,"(0.019267822736030827, 0.017475728155339806, 0.01786407766990291)"
complex.9_1_15_corrected_H_0001,"(0.019267822736030827, 0.015533980582524271, 0.016310679611650485)"
complex.9_1_19_corrected_H_0001,"(0.017341040462427744, 0.015533980582524271, 0.015922330097087378)"
complex.9_1_1_corrected_H_0001,"(0.017341040462427744, 0.013592233009708738, 0.014368932038834952)"
complex.9_1_23_corrected_H_0001,"(0.01348747591522158, 0.009708737864077669, 0.010485436893203885)"
complex.9_1_24_corrected_H_0001,"(0.015414258188824663, 0.011650485436893204, 0.012427184466019418)"
complex.9_1_26_corrected_H_0001,"(0.01348747591522158, 0.011627906976744186, 0.012112403100775194)"
complex.9_1_27_corrected_H_0001,"(0.019267822736030827, 0.017475728155339806, 0.01786407766990291)"
complex.9_1_2_corrected_H_0001,"(0.017341040462427744, 0.013592233009708738, 0.014368932038834952)"
complex.9_1_30_corrected_H_0001,"(0.015414258188824663, 0.015533980582524271, 0.015533980582524271)"
complex.9_1_37_corrected_H_0001,"(0.02119460500963391, 0.015533980582524271, 0.015145631067961164)"
complex.9_1_39_corrected_H_0001,"(0.015414258188824663, 0.015533980582524271, 0.015533980582524271)"
complex.9_1_3_corrected_H_0001,"(0.017341040462427744, 0.017408123791102514, 0.017408123791102514)"
complex.9_1_46_corrected_H_0001,"(0.01348747591522158, 0.011650485436893204, 0.012038834951456311)"
complex.9_1_5_corrected_H_0001,"(0.02119460500963391, 0.017475728155339806, 0.01825242718446602)"
complex.9_1_9_corrected_H_0001,"(0.009633911368015413, 0.005813953488372093, 0.006782945736434108)"
complex.9_2_13_corrected_H_0001,"(0.015414258188824663, 0.011650485436893204, 0.012427184466019418)"
complex.9_2_25_corrected_H_0001,"(0.007707129094412331, 0.005825242718446602, 0.006213592233009709)"
complex.9_2_2_corrected_H_0001,"(0.01348747591522158, 0.011650485436893204, 0.012038834951456311)"
complex.9_2_37_corrected_H_0001,"(0.02119460500963391, 0.017475728155339806, 0.01825242718446602)"
complex.9_2_41_corrected_H_0001,"(0.01348747591522158, 0.013592233009708738, 0.013592233009708738)"
complex.9_2_42_corrected_H_0001,"(0.011560693641618497, 0.007766990291262136, 0.00854368932038835)"
complex.9_2_48_corrected_H_0001,"(0.011560693641618497, 0.011650485436893204, 0.011650485436893204)"
complex.9_4_0_corrected_H_0001,"(0.01348747591522158, 0.009708737864077669, 0.010485436893203885)"
complex.9_4_2_corrected_H_0001,"(0.011560693641618497, 0.007751937984496124, 0.00872093023255814)"
complex.9_4_37_corrected_H_0001,"(0.011560693641618497, 0.009689922480620155, 0.010174418604651164)"
complex.9_4_39_corrected_H_0001,"(0.015414258188824663, 0.011627906976744186, 0.012596899224806201)"
complex.9_4_9_corrected_H_0001,"(0.02697495183044316, 0.023255813953488372, 0.02422480620155039)"
complex.9_5_26_corrected_H_0001,"(0.005780346820809248, 0.005825242718446602, 0.005825242718446602)"
complex.9_5_32_corrected_H_0001,"(0.015414258188824663, 0.013565891472868217, 0.014050387596899225)"
complex.9_5_49_corrected_H_0001,"(0.02697495183044316, 0.02524271844660194, 0.025631067961165047)"
complex.9_6_29_corrected_H_0001,"(0.038535645472061654, 0.02330097087378641, 0.024854368932038837)"
complex.9_6_39_corrected_H_0001,"(0.02119460500963391, 0.015533980582524271, 0.015145631067961164)"
complex.9_7_30_corrected_H_0001,"(0.023121387283236993, 0.023255813953488372, 0.023255813953488372)"
complex.9_8_48_corrected_H_0001,"(0.04046242774566474, 0.03481624758220503, 0.035460992907801414)"
complex.9_8_4_corrected_H_0001,"(0.02697495183044316, 0.02330097087378641, 0.024077669902912623)"
complex.9_9_10_corrected_H_0001,"(0.025048169556840076, 0.019417475728155338, 0.019029126213592235)"
complex.9_9_17_corrected_H_0001,"(0.03468208092485549, 0.027184466019417475, 0.027184466019417475)"
complex.9_9_40_corrected_H_0001,"(0.023121387283236993, 0.02330097087378641, 0.02330097087378641)"
complex.9_9_5_corrected_H_0001,"(0.02697495183044316, 0.019417475728155338, 0.019417475728155338)"
complex.10105_9_corrected_H_0001,"(0.01348747591522158, 0.013592233009708738, 0.013592233009708738)"
complex.10171_0_corrected_H_0001,"(0.017341040462427744, 0.013592233009708738, 0.012815533980582524)"
complex.10200_1_corrected_H_0001,"(0.02697495183044316, 0.019417475728155338, 0.019417475728155338)"
complex.10251_0_corrected_H_0001,"(0.01348747591522158, 0.013592233009708738, 0.013592233009708738)"
complex.10298_2_corrected_H_0001,"(0.011560693641618497, 0.011650485436893204, 0.011650485436893204)"
complex.10348_6_corrected_H_0001,"(0.017341040462427744, 0.017475728155339806, 0.017475728155339806)"
complex.10479_1_corrected_H_0001,"(0.01348747591522158, 0.009708737864077669, 0.010485436893203885)"
complex.10508_4_corrected_H_0001,"(0.015414258188824663, 0.015533980582524271, 0.015533980582524271)"
complex.10510_2_corrected_H_0001,"(0.007707129094412331, 0.007766990291262136, 0.007766990291262136)"
complex.10513_0_corrected_H_0001,"(0.01348747591522158, 0.013592233009708738, 0.013592233009708738)"
complex.10553_6_corrected_H_0001,"(0.007707129094412331, 0.007766990291262136, 0.007766990291262136)"
complex.10616_7_corrected_H_0001,"(0.019267822736030827, 0.019417475728155338, 0.019417475728155338)"
complex.10671_8_corrected_H_0001,"(0.011560693641618497, 0.011650485436893204, 0.011650485436893204)"
complex.10684_1_corrected_H_0001,"(0.015414258188824663, 0.015533980582524271, 0.015533980582524271)"
complex.10777_7_corrected_H_0001,"(0.017341040462427744, 0.013592233009708738, 0.014368932038834952)"
complex.10834_2_corrected_H_0001,"(0.015414258188824663, 0.011650485436893204, 0.01087378640776699)"
complex.10883_8_corrected_H_0001,"(0.017341040462427744, 0.017475728155339806, 0.017475728155339806)"
complex.1091_5_corrected_H_0001,"(0.01348747591522158, 0.011650485436893204, 0.012038834951456311)"
complex.10928_8_corrected_H_0001,"(0.005780346820809248, 0.003883495145631068, 0.004271844660194175)"
complex.10937_4_corrected_H_0001,"(0.019267822736030827, 0.019417475728155338, 0.019417475728155338)"
complex.1103_3_corrected_H_0001,"(0.011560693641618497, 0.011650485436893204, 0.011650485436893204)"
complex.11105_9_corrected_H_0001,"(0.01348747591522158, 0.011650485436893204, 0.012038834951456311)"
complex.11116_6_corrected_H_0001,"(0.023121387283236993, 0.021359223300970873, 0.02174757281553398)"
complex.11178_3_corrected_H_0001,"(0.01348747591522158, 0.013592233009708738, 0.013592233009708738)"
complex.11184_5_corrected_H_0001,"(0.017341040462427744, 0.017475728155339806, 0.017475728155339806)"
complex.11354_4_corrected_H_0001,"(0.01348747591522158, 0.013565891472868217, 0.013565891472868217)"
complex.11377_3_corrected_H_0001,"(0.007707129094412331, 0.005813953488372093, 0.006782945736434108)"
complex.11403_2_corrected_H_0001,"(0.017341040462427744, 0.017475728155339806, 0.017475728155339806)"
complex.11431_8_corrected_H_0001,"(0.015414258188824663, 0.015533980582524271, 0.015533980582524271)"
complex.11617_3_corrected_H_0001,"(0.019267822736030827, 0.013592233009708738, 0.01320388349514563)"
complex.11688_0_corrected_H_0001,"(0.01348747591522158, 0.011673151750972763, 0.011997405966277562)"
complex.11905_7_corrected_H_0001,"(0.017341040462427744, 0.017475728155339806, 0.017475728155339806)"
complex.11977_7_corrected_H_0001,"(0.007707129094412331, 0.007766990291262136, 0.007766990291262136)"
complex.12045_7_corrected_H_0001,"(0.015414258188824663, 0.013592233009708738, 0.013980582524271845)"
complex.12052_8_corrected_H_0001,"(0.011560693641618497, 0.011650485436893204, 0.011650485436893204)"
complex.1211_6_corrected_H_0001,"(0.017341040462427744, 0.015533980582524271, 0.015922330097087378)"
complex.12133_9_corrected_H_0001,"(0.019267822736030827, 0.019417475728155338, 0.019417475728155338)"
complex.12149_4_corrected_H_0001,"(0.011560693641618497, 0.007782101167315175, 0.008430609597924773)"
complex.12150_2_corrected_H_0001,"(0.011560693641618497, 0.011650485436893204, 0.011650485436893204)"
complex.12179_0_corrected_H_0001,"(0.011560693641618497, 0.007766990291262136, 0.00854368932038835)"
complex.12188_4_corrected_H_0001,"(0.017341040462427744, 0.017509727626459144, 0.017509727626459144)"
complex.12202_2_corrected_H_0001,"(0.015414258188824663, 0.015533980582524271, 0.015533980582524271)"
complex.12301_9_corrected_H_0001,"(0.01348747591522158, 0.011650485436893204, 0.012038834951456311)"
complex.12308_3_corrected_H_0001,"(0.011560693641618497, 0.011650485436893204, 0.011650485436893204)"
complex.12478_0_corrected_H_0001,"(0.015414258188824663, 0.015533980582524271, 0.015533980582524271)"
complex.12540_3_corrected_H_0001,"(0.015414258188824663, 0.015533980582524271, 0.015533980582524271)"
complex.12545_6_corrected_H_0001,"(0.01348747591522158, 0.013565891472868217, 0.013565891472868217)"
complex.1265_8_corrected_H_0001,"(0.01348747591522158, 0.013592233009708738, 0.013592233009708738)"
complex.12688_4_corrected_H_0001,"(0.015414258188824663, 0.015533980582524271, 0.015533980582524271)"
complex.12695_3_corrected_H_0001,"(0.015414258188824663, 0.015503875968992248, 0.015503875968992248)"
complex.12878_5_corrected_H_0001,"(0.01348747591522158, 0.009708737864077669, 0.010485436893203885)"
complex.12896_0_corrected_H_0001,"(0.015414258188824663, 0.013618677042801557, 0.013942931258106356)"
complex.1289_4_corrected_H_0001,"(0.019267822736030827, 0.019417475728155338, 0.019417475728155338)"
complex.12973_1_corrected_H_0001,"(0.015414258188824663, 0.015503875968992248, 0.015503875968992248)"
complex.12979_5_corrected_H_0001,"(0.017341040462427744, 0.013592233009708738, 0.012815533980582524)"
complex.12981_6_corrected_H_0001,"(0.028901734104046242, 0.02330097087378641, 0.0229126213592233)"
complex.12997_9_corrected_H_0001,"(0.009633911368015413, 0.009708737864077669, 0.009708737864077669)"
complex.13052_7_corrected_H_0001,"(0.017341040462427744, 0.017475728155339806, 0.017475728155339806)"
complex.13075_9_corrected_H_0001,"(0.023121387283236993, 0.019417475728155338, 0.020194174757281556)"
complex.1309_2_corrected_H_0001,"(0.01348747591522158, 0.013592233009708738, 0.013592233009708738)"
complex.13114_6_corrected_H_0001,"(0.02119460500963391, 0.017475728155339806, 0.016699029126213592)"
complex.13297_3_corrected_H_0001,"(0.017341040462427744, 0.017475728155339806, 0.017475728155339806)"
complex.13299_6_corrected_H_0001,"(0.017341040462427744, 0.017475728155339806, 0.017475728155339806)"
complex.13378_7_corrected_H_0001,"(0.009633911368015413, 0.009708737864077669, 0.009708737864077669)"
complex.1341_5_corrected_H_0001,"(0.015414258188824663, 0.013592233009708738, 0.013980582524271845)"
complex.13446_9_corrected_H_0001,"(0.015414258188824663, 0.013592233009708738, 0.013980582524271845)"
complex.13590_8_corrected_H_0001,"(0.019267822736030827, 0.019417475728155338, 0.019417475728155338)"
complex.13616_9_corrected_H_0001,"(0.017341040462427744, 0.011650485436893204, 0.011262135922330097)"
complex.13738_9_corrected_H_0001,"(0.015414258188824663, 0.011650485436893204, 0.012427184466019418)"
complex.13781_8_corrected_H_0001,"(0.019267822736030827, 0.019417475728155338, 0.019417475728155338)"
complex.13793_3_corrected_H_0001,"(0.009633911368015413, 0.005825242718446602, 0.006601941747572815)"
complex.13829_6_corrected_H_0001,"(0.019267822736030827, 0.011650485436893204, 0.011650485436893204)"
complex.13908_1_corrected_H_0001,"(0.015414258188824663, 0.013592233009708738, 0.013980582524271845)"
complex.13993_4_corrected_H_0001,"(0.011560693641618497, 0.011650485436893204, 0.011650485436893204)"
complex.14095_4_corrected_H_0001,"(0.02697495183044316, 0.021359223300970873, 0.02097087378640777)"
complex.14112_6_corrected_H_0001,"(0.025048169556840076, 0.019417475728155338, 0.019029126213592235)"
complex.14154_2_corrected_H_0001,"(0.02119460500963391, 0.021359223300970873, 0.021359223300970873)"
complex.14157_1_corrected_H_0001,"(0.01348747591522158, 0.009708737864077669, 0.010485436893203885)"
complex.14166_9_corrected_H_0001,"(0.015414258188824663, 0.015533980582524271, 0.015533980582524271)"
complex.14253_6_corrected_H_0001,"(0.011560693641618497, 0.011650485436893204, 0.011650485436893204)"
complex.14305_9_corrected_H_0001,"(0.009633911368015413, 0.009708737864077669, 0.009708737864077669)"
complex.14330_0_corrected_H_0001,"(0.015414258188824663, 0.015533980582524271, 0.015533980582524271)"
complex.14383_0_corrected_H_0001,"(0.019267822736030827, 0.015533980582524271, 0.014757281553398057)"
complex.14391_9_corrected_H_0001,"(0.017341040462427744, 0.013592233009708738, 0.012815533980582524)"
complex.14561_1_corrected_H_0001,"(0.009633911368015413, 0.009708737864077669, 0.009708737864077669)"
complex.14576_5_corrected_H_0001,"(0.015414258188824663, 0.013592233009708738, 0.013980582524271845)"
complex.1466_3_corrected_H_0001,"(0.009633911368015413, 0.009708737864077669, 0.009708737864077669)"
complex.14681_3_corrected_H_0001,"(0.017341040462427744, 0.017475728155339806, 0.017475728155339806)"
complex.14825_8_corrected_H_0001,"(0.01348747591522158, 0.011650485436893204, 0.012038834951456311)"
complex.14834_0_corrected_H_0001,"(0.017341040462427744, 0.01744186046511628, 0.01744186046511628)"
complex.14878_9_corrected_H_0001,"(0.017341040462427744, 0.013592233009708738, 0.014368932038834952)"
complex.14880_5_corrected_H_0001,"(0.007707129094412331, 0.005825242718446602, 0.006213592233009709)"
complex.1496_2_corrected_H_0001,"(0.017341040462427744, 0.017475728155339806, 0.017475728155339806)"
complex.14973_0_corrected_H_0001,"(0.011560693641618497, 0.011650485436893204, 0.011650485436893204)"
complex.14985_8_corrected_H_0001,"(0.009633911368015413, 0.007766990291262136, 0.008155339805825243)"
complex.14999_3_corrected_H_0001,"(0.017341040462427744, 0.015533980582524271, 0.015922330097087378)"
complex.15113_3_corrected_H_0001,"(0.023121387283236993, 0.021359223300970873, 0.02174757281553398)"
complex.15205_0_corrected_H_0001,"(0.025048169556840076, 0.02131782945736434, 0.022286821705426358)"
complex.1521_5_corrected_H_0001,"(0.011560693641618497, 0.011650485436893204, 0.011650485436893204)"
complex.15239_9_corrected_H_0001,"(0.007707129094412331, 0.007766990291262136, 0.007766990291262136)"
complex.15251_7_corrected_H_0001,"(0.03468208092485549, 0.03495145631067961, 0.03495145631067961)"
complex.15259_1_corrected_H_0001,"(0.01348747591522158, 0.013592233009708738, 0.013592233009708738)"
complex.15259_7_corrected_H_0001,"(0.017341040462427744, 0.01744186046511628, 0.01744186046511628)"
complex.15299_9_corrected_H_0001,"(0.007707129094412331, 0.007766990291262136, 0.007766990291262136)"
complex.15355_4_corrected_H_0001,"(0.01348747591522158, 0.013592233009708738, 0.013592233009708738)"
complex.15403_9_corrected_H_0001,"(0.011560693641618497, 0.007751937984496124, 0.00872093023255814)"
complex.15411_7_corrected_H_0001,"(0.02119460500963391, 0.021359223300970873, 0.021359223300970873)"
complex.15513_8_corrected_H_0001,"(0.011560693641618497, 0.009708737864077669, 0.010097087378640778)"
complex.15638_5_corrected_H_0001,"(0.01348747591522158, 0.013592233009708738, 0.013592233009708738)"
complex.15654_9_corrected_H_0001,"(0.01348747591522158, 0.013592233009708738, 0.013592233009708738)"
complex.15678_0_corrected_H_0001,"(0.02119460500963391, 0.021359223300970873, 0.021359223300970873)"
complex.15801_2_corrected_H_0001,"(0.015414258188824663, 0.011650485436893204, 0.012427184466019418)"
complex.15818_2_corrected_H_0001,"(0.011560693641618497, 0.009708737864077669, 0.010097087378640778)"
complex.15820_5_corrected_H_0001,"(0.019267822736030827, 0.015533980582524271, 0.016310679611650485)"
complex.15835_3_corrected_H_0001,"(0.017341040462427744, 0.015503875968992248, 0.016472868217054265)"
complex.15837_4_corrected_H_0001,"(0.015414258188824663, 0.013592233009708738, 0.013980582524271845)"
complex.15870_8_corrected_H_0001,"(0.009633911368015413, 0.009689922480620155, 0.009689922480620155)"
complex.15874_6_corrected_H_0001,"(0.009633911368015413, 0.009708737864077669, 0.009708737864077669)"
complex.15926_8_corrected_H_0001,"(0.017341040462427744, 0.013592233009708738, 0.012815533980582524)"
complex.1595_3_corrected_H_0001,"(0.017341040462427744, 0.011650485436893204, 0.011262135922330097)"
complex.16007_2_corrected_H_0001,"(0.015414258188824663, 0.015533980582524271, 0.015533980582524271)"
complex.1602_8_corrected_H_0001,"(0.028901734104046242, 0.02330097087378641, 0.0229126213592233)"
complex.1605_6_corrected_H_0001,"(0.01348747591522158, 0.013592233009708738, 0.013592233009708738)"
complex.16063_7_corrected_H_0001,"(0.011560693641618497, 0.011650485436893204, 0.011650485436893204)"
complex.16112_7_corrected_H_0001,"(0.017341040462427744, 0.017475728155339806, 0.017475728155339806)"
complex.1611_8_corrected_H_0001,"(0.01348747591522158, 0.013592233009708738, 0.013592233009708738)"
complex.16232_4_corrected_H_0001,"(0.017341040462427744, 0.017475728155339806, 0.017475728155339806)"
complex.16325_6_corrected_H_0001,"(0.015414258188824663, 0.015533980582524271, 0.015533980582524271)"
complex.16368_4_corrected_H_0001,"(0.01348747591522158, 0.013565891472868217, 0.013565891472868217)"
complex.1656_7_corrected_H_0001,"(0.019267822736030827, 0.017475728155339806, 0.01786407766990291)"
complex.16596_8_corrected_H_0001,"(0.011560693641618497, 0.011650485436893204, 0.011650485436893204)"
complex.16660_1_corrected_H_0001,"(0.007707129094412331, 0.007766990291262136, 0.007766990291262136)"
complex.16668_9_corrected_H_0001,"(0.01348747591522158, 0.011650485436893204, 0.012038834951456311)"
complex.16861_2_corrected_H_0001,"(0.015414258188824663, 0.015533980582524271, 0.015533980582524271)"
complex.16944_4_corrected_H_0001,"(0.01348747591522158, 0.011650485436893204, 0.012038834951456311)"
complex.16992_7_corrected_H_0001,"(0.009633911368015413, 0.009708737864077669, 0.009708737864077669)"
complex.17025_5_corrected_H_0001,"(0.017341040462427744, 0.013592233009708738, 0.012815533980582524)"
complex.1702_9_corrected_H_0001,"(0.015414258188824663, 0.013592233009708738, 0.013980582524271845)"
complex.17063_2_corrected_H_0001,"(0.017341040462427744, 0.017475728155339806, 0.017475728155339806)"
complex.17086_9_corrected_H_0001,"(0.01348747591522158, 0.013592233009708738, 0.013592233009708738)"
complex.17132_7_corrected_H_0001,"(0.02119460500963391, 0.017475728155339806, 0.01825242718446602)"
complex.17201_1_corrected_H_0001,"(0.015414258188824663, 0.015533980582524271, 0.015533980582524271)"
complex.17217_8_corrected_H_0001,"(0.007707129094412331, 0.005825242718446602, 0.006213592233009709)"
complex.17229_9_corrected_H_0001,"(0.011560693641618497, 0.011627906976744186, 0.011627906976744186)"
complex.1725_1_corrected_H_0001,"(0.01348747591522158, 0.011650485436893204, 0.012038834951456311)"
complex.17277_0_corrected_H_0001,"(0.011560693641618497, 0.011650485436893204, 0.011650485436893204)"
complex.17389_7_corrected_H_0001,"(0.011560693641618497, 0.009708737864077669, 0.010097087378640778)"
complex.17440_8_corrected_H_0001,"(0.017341040462427744, 0.017475728155339806, 0.017475728155339806)"
complex.17545_6_corrected_H_0001,"(0.007707129094412331, 0.007766990291262136, 0.007766990291262136)"
complex.17557_7_corrected_H_0001,"(0.011560693641618497, 0.011650485436893204, 0.011650485436893204)"
complex.1761_0_corrected_H_0001,"(0.017341040462427744, 0.015533980582524271, 0.015922330097087378)"
complex.17627_5_corrected_H_0001,"(0.017341040462427744, 0.017408123791102514, 0.017408123791102514)"
complex.17659_6_corrected_H_0001,"(0.017341040462427744, 0.011673151750972763, 0.01264591439688716)"
complex.17703_6_corrected_H_0001,"(0.017341040462427744, 0.013592233009708738, 0.014368932038834952)"
complex.17802_3_corrected_H_0001,"(0.019267822736030827, 0.017475728155339806, 0.01786407766990291)"
complex.1789_9_corrected_H_0001,"(0.015414258188824663, 0.013592233009708738, 0.013980582524271845)"
complex.17935_0_corrected_H_0001,"(0.011560693641618497, 0.011650485436893204, 0.011650485436893204)"
complex.17946_4_corrected_H_0001,"(0.011560693641618497, 0.007766990291262136, 0.00854368932038835)"
complex.1799_2_corrected_H_0001,"(0.02119460500963391, 0.013618677042801557, 0.013294422827496759)"
complex.18003_7_corrected_H_0001,"(0.019267822736030827, 0.01937984496124031, 0.01937984496124031)"
complex.18025_9_corrected_H_0001,"(0.007707129094412331, 0.005825242718446602, 0.006213592233009709)"
complex.18076_5_corrected_H_0001,"(0.015414258188824663, 0.015533980582524271, 0.015533980582524271)"
complex.18077_5_corrected_H_0001,"(0.015414258188824663, 0.015533980582524271, 0.015533980582524271)"
complex.18141_3_corrected_H_0001,"(0.01348747591522158, 0.011650485436893204, 0.012038834951456311)"
complex.18182_5_corrected_H_0001,"(0.011560693641618497, 0.011627906976744186, 0.011627906976744186)"
complex.18252_2_corrected_H_0001,"(0.01348747591522158, 0.011650485436893204, 0.012038834951456311)"
complex.18310_0_corrected_H_0001,"(0.015414258188824663, 0.015503875968992248, 0.015503875968992248)"
complex.1835_0_corrected_H_0001,"(0.011560693641618497, 0.009708737864077669, 0.010097087378640778)"
complex.18403_5_corrected_H_0001,"(0.009633911368015413, 0.009708737864077669, 0.009708737864077669)"
complex.1841_9_corrected_H_0001,"(0.015414258188824663, 0.015533980582524271, 0.015533980582524271)"
complex.18462_1_corrected_H_0001,"(0.019267822736030827, 0.015533980582524271, 0.016310679611650485)"
complex.18524_9_corrected_H_0001,"(0.015414258188824663, 0.011673151750972763, 0.01232166018158236)"
complex.18551_9_corrected_H_0001,"(0.01348747591522158, 0.009708737864077669, 0.008932038834951455)"
complex.18577_8_corrected_H_0001,"(0.02119460500963391, 0.021359223300970873, 0.021359223300970873)"
complex.18632_5_corrected_H_0001,"(0.009633911368015413, 0.009708737864077669, 0.009708737864077669)"
complex.18641_1_corrected_H_0001,"(0.017341040462427744, 0.017475728155339806, 0.017475728155339806)"
complex.18693_7_corrected_H_0001,"(0.011560693641618497, 0.011627906976744186, 0.011627906976744186)"
complex.18769_2_corrected_H_0001,"(0.019267822736030827, 0.017475728155339806, 0.01786407766990291)"
complex.18775_9_corrected_H_0001,"(0.009633911368015413, 0.009708737864077669, 0.009708737864077669)"
complex.18968_1_corrected_H_0001,"(0.023121387283236993, 0.02330097087378641, 0.02330097087378641)"
complex.1896_7_corrected_H_0001,"(0.01348747591522158, 0.013592233009708738, 0.013592233009708738)"
complex.19022_8_corrected_H_0001,"(0.02119460500963391, 0.013618677042801557, 0.013294422827496759)"
complex.19035_3_corrected_H_0001,"(0.011560693641618497, 0.011650485436893204, 0.011650485436893204)"
complex.19058_5_corrected_H_0001,"(0.019267822736030827, 0.015533980582524271, 0.016310679611650485)"
complex.19157_9_corrected_H_0001,"(0.015414258188824663, 0.015533980582524271, 0.015533980582524271)"
complex.19185_2_corrected_H_0001,"(0.011560693641618497, 0.007766990291262136, 0.00854368932038835)"
complex.192_4_corrected_H_0001,"(0.017341040462427744, 0.015533980582524271, 0.015922330097087378)"
complex.19318_0_corrected_H_0001,"(0.015414258188824663, 0.013592233009708738, 0.013980582524271845)"
complex.19364_8_corrected_H_0001,"(0.007707129094412331, 0.007766990291262136, 0.007766990291262136)"
complex.19369_2_corrected_H_0001,"(0.01348747591522158, 0.013565891472868217, 0.013565891472868217)"
complex.19374_9_corrected_H_0001,"(0.01348747591522158, 0.011650485436893204, 0.012038834951456311)"
complex.1943_0_corrected_H_0001,"(0.019267822736030827, 0.015533980582524271, 0.014757281553398057)"
complex.19458_0_corrected_H_0001,"(0.01348747591522158, 0.013565891472868217, 0.013565891472868217)"
complex.19477_8_corrected_H_0001,"(0.019267822736030827, 0.013592233009708738, 0.01320388349514563)"
complex.19503_9_corrected_H_0001,"(0.017341040462427744, 0.017475728155339806, 0.017475728155339806)"
complex.19506_9_corrected_H_0001,"(0.017341040462427744, 0.013592233009708738, 0.012815533980582524)"
complex.1950_0_corrected_H_0001,"(0.030828516377649325, 0.029069767441860465, 0.030038759689922482)"
complex.19576_0_corrected_H_0001,"(0.02119460500963391, 0.021359223300970873, 0.021359223300970873)"
complex.19587_0_corrected_H_0001,"(0.011560693641618497, 0.011650485436893204, 0.011650485436893204)"
complex.19648_3_corrected_H_0001,"(0.01348747591522158, 0.009708737864077669, 0.010485436893203885)"
complex.19663_1_corrected_H_0001,"(0.01348747591522158, 0.013592233009708738, 0.013592233009708738)"
complex.19677_7_corrected_H_0001,"(0.015414258188824663, 0.015533980582524271, 0.015533980582524271)"
complex.19725_2_corrected_H_0001,"(0.019267822736030827, 0.017475728155339806, 0.01786407766990291)"
complex.19737_6_corrected_H_0001,"(0.007707129094412331, 0.007766990291262136, 0.007766990291262136)"
complex.19956_6_corrected_H_0001,"(0.011560693641618497, 0.011627906976744186, 0.011627906976744186)"
complex.19996_7_corrected_H_0001,"(0.02119460500963391, 0.015533980582524271, 0.015145631067961164)"
complex.1999_2_corrected_H_0001,"(0.009633911368015413, 0.007766990291262136, 0.008155339805825243)"
complex.20034_0_corrected_H_0001,"(0.017341040462427744, 0.015473887814313346, 0.016118633139909733)"
complex.20045_9_corrected_H_0001,"(0.017341040462427744, 0.011650485436893204, 0.011262135922330097)"
complex.200_1_corrected_H_0001,"(0.02119460500963391, 0.021359223300970873, 0.021359223300970873)"
complex.20152_0_corrected_H_0001,"(0.03275529865125241, 0.027184466019417475, 0.026796116504854372)"
complex.20174_7_corrected_H_0001,"(0.017341040462427744, 0.017475728155339806, 0.017475728155339806)"
complex.20198_1_corrected_H_0001,"(0.017341040462427744, 0.015533980582524271, 0.015922330097087378)"
complex.20262_0_corrected_H_0001,"(0.015414258188824663, 0.015533980582524271, 0.015533980582524271)"
complex.20280_5_corrected_H_0001,"(0.01348747591522158, 0.013592233009708738, 0.013592233009708738)"
complex.20322_5_corrected_H_0001,"(0.01348747591522158, 0.013565891472868217, 0.013565891472868217)"
complex.20344_1_corrected_H_0001,"(0.025048169556840076, 0.02330097087378641, 0.023689320388349512)"
complex.20375_7_corrected_H_0001,"(0.01348747591522158, 0.013565891472868217, 0.013565891472868217)"
complex.20434_0_corrected_H_0001,"(0.011560693641618497, 0.011627906976744186, 0.011627906976744186)"
complex.20463_3_corrected_H_0001,"(0.009633911368015413, 0.009708737864077669, 0.009708737864077669)"
complex.20466_9_corrected_H_0001,"(0.015414258188824663, 0.015533980582524271, 0.015533980582524271)"
complex.20467_1_corrected_H_0001,"(0.007707129094412331, 0.007766990291262136, 0.007766990291262136)"
complex.20635_8_corrected_H_0001,"(0.009633911368015413, 0.009708737864077669, 0.009708737864077669)"
complex.20735_3_corrected_H_0001,"(0.019267822736030827, 0.015503875968992248, 0.016472868217054265)"
complex.20745_9_corrected_H_0001,"(0.02119460500963391, 0.021359223300970873, 0.021359223300970873)"
complex.20779_5_corrected_H_0001,"(0.02119460500963391, 0.019342359767891684, 0.01998710509348807)"
complex.20782_5_corrected_H_0001,"(0.007707129094412331, 0.007766990291262136, 0.007766990291262136)"
complex.20824_3_corrected_H_0001,"(0.017341040462427744, 0.017475728155339806, 0.017475728155339806)"
complex.20950_2_corrected_H_0001,"(0.019267822736030827, 0.011650485436893204, 0.011650485436893204)"
complex.20980_1_corrected_H_0001,"(0.02119460500963391, 0.021359223300970873, 0.021359223300970873)"
complex.21013_6_corrected_H_0001,"(0.017341040462427744, 0.015533980582524271, 0.015922330097087378)"
complex.21053_6_corrected_H_0001,"(0.017341040462427744, 0.017475728155339806, 0.017475728155339806)"
complex.21110_8_corrected_H_0001,"(0.009633911368015413, 0.009689922480620155, 0.009689922480620155)"
complex.21111_2_corrected_H_0001,"(0.015414258188824663, 0.015533980582524271, 0.015533980582524271)"
complex.2111_9_corrected_H_0001,"(0.017341040462427744, 0.013592233009708738, 0.012815533980582524)"
complex.21144_3_corrected_H_0001,"(0.011560693641618497, 0.007766990291262136, 0.00854368932038835)"
complex.21164_5_corrected_H_0001,"(0.009633911368015413, 0.009708737864077669, 0.009708737864077669)"
complex.21183_3_corrected_H_0001,"(0.009633911368015413, 0.009708737864077669, 0.009708737864077669)"
complex.21195_0_corrected_H_0001,"(0.011560693641618497, 0.011650485436893204, 0.011650485436893204)"
complex.21226_2_corrected_H_0001,"(0.01348747591522158, 0.011627906976744186, 0.012112403100775194)"
complex.21263_0_corrected_H_0001,"(0.02119460500963391, 0.021359223300970873, 0.021359223300970873)"
complex.212_6_corrected_H_0001,"(0.019267822736030827, 0.015533980582524271, 0.016310679611650485)"
complex.21352_5_corrected_H_0001,"(0.011560693641618497, 0.009708737864077669, 0.010097087378640778)"
complex.2139_0_corrected_H_0001,"(0.01348747591522158, 0.009708737864077669, 0.010485436893203885)"
complex.21409_1_corrected_H_0001,"(0.015414258188824663, 0.015533980582524271, 0.015533980582524271)"
complex.21448_5_corrected_H_0001,"(0.023121387283236993, 0.019417475728155338, 0.020194174757281556)"
complex.2145_3_corrected_H_0001,"(0.019267822736030827, 0.01937984496124031, 0.01937984496124031)"
complex.21596_8_corrected_H_0001,"(0.017341040462427744, 0.013592233009708738, 0.012815533980582524)"
complex.21700_8_corrected_H_0001,"(0.015414258188824663, 0.011650485436893204, 0.012427184466019418)"
complex.21713_6_corrected_H_0001,"(0.019267822736030827, 0.019417475728155338, 0.019417475728155338)"
complex.21852_2_corrected_H_0001,"(0.009633911368015413, 0.009689922480620155, 0.009689922480620155)"
complex.21857_4_corrected_H_0001,"(0.015414258188824663, 0.015533980582524271, 0.015533980582524271)"
complex.218_6_corrected_H_0001,"(0.030828516377649325, 0.02330097087378641, 0.02330097087378641)"
complex.2198_9_corrected_H_0001,"(0.01348747591522158, 0.011650485436893204, 0.012038834951456311)"
complex.22059_4_corrected_H_0001,"(0.030828516377649325, 0.02524271844660194, 0.024854368932038837)"
complex.22119_9_corrected_H_0001,"(0.011560693641618497, 0.009708737864077669, 0.010097087378640778)"
complex.22143_9_corrected_H_0001,"(0.005780346820809248, 0.005825242718446602, 0.005825242718446602)"
complex.22194_1_corrected_H_0001,"(0.009633911368015413, 0.007766990291262136, 0.008155339805825243)"
complex.22224_6_corrected_H_0001,"(0.005780346820809248, 0.005825242718446602, 0.005825242718446602)"
complex.22268_9_corrected_H_0001,"(0.007707129094412331, 0.007766990291262136, 0.007766990291262136)"
complex.22269_0_corrected_H_0001,"(0.01348747591522158, 0.013565891472868217, 0.013565891472868217)"
complex.22280_4_corrected_H_0001,"(0.017341040462427744, 0.017475728155339806, 0.017475728155339806)"
complex.2232_7_corrected_H_0001,"(0.017341040462427744, 0.015533980582524271, 0.015922330097087378)"
complex.22378_4_corrected_H_0001,"(0.01348747591522158, 0.013592233009708738, 0.013592233009708738)"
complex.22414_0_corrected_H_0001,"(0.01348747591522158, 0.013592233009708738, 0.013592233009708738)"
complex.22451_9_corrected_H_0001,"(0.02697495183044316, 0.023255813953488372, 0.023578811369509043)"
complex.22467_8_corrected_H_0001,"(0.02119460500963391, 0.015533980582524271, 0.015145631067961164)"
complex.22549_9_corrected_H_0001,"(0.017341040462427744, 0.009708737864077669, 0.009708737864077669)"
complex.22560_2_corrected_H_0001,"(0.019267822736030827, 0.019417475728155338, 0.019417475728155338)"
complex.22578_2_corrected_H_0001,"(0.017341040462427744, 0.015533980582524271, 0.015922330097087378)"
complex.2261_0_corrected_H_0001,"(0.017341040462427744, 0.015533980582524271, 0.015922330097087378)"
complex.22691_1_corrected_H_0001,"(0.017341040462427744, 0.013592233009708738, 0.014368932038834952)"
complex.22711_1_corrected_H_0001,"(0.011560693641618497, 0.011650485436893204, 0.011650485436893204)"
complex.2272_6_corrected_H_0001,"(0.017341040462427744, 0.017475728155339806, 0.017475728155339806)"
complex.22809_0_corrected_H_0001,"(0.011560693641618497, 0.011650485436893204, 0.011650485436893204)"
complex.22814_4_corrected_H_0001,"(0.019267822736030827, 0.015533980582524271, 0.016310679611650485)"
complex.22833_2_corrected_H_0001,"(0.025048169556840076, 0.02321083172147002, 0.023855577047066406)"
complex.22935_1_corrected_H_0001,"(0.01348747591522158, 0.013592233009708738, 0.013592233009708738)"
complex.22940_1_corrected_H_0001,"(0.015414258188824663, 0.015533980582524271, 0.015533980582524271)"
complex.22971_5_corrected_H_0001,"(0.015414258188824663, 0.013592233009708738, 0.013980582524271845)"
complex.22978_3_corrected_H_0001,"(0.02697495183044316, 0.027184466019417475, 0.027184466019417475)"
complex.23083_2_corrected_H_0001,"(0.011560693641618497, 0.009708737864077669, 0.010097087378640778)"
complex.23135_4_corrected_H_0001,"(0.005780346820809248, 0.005802707930367505, 0.005802707930367505)"
complex.23168_6_corrected_H_0001,"(0.005780346820809248, 0.005825242718446602, 0.005825242718446602)"
complex.2318_3_corrected_H_0001,"(0.02697495183044316, 0.027184466019417475, 0.027184466019417475)"
complex.23343_7_corrected_H_0001,"(0.017341040462427744, 0.01744186046511628, 0.01744186046511628)"
complex.23351_5_corrected_H_0001,"(0.017341040462427744, 0.011650485436893204, 0.011262135922330097)"
complex.23411_1_corrected_H_0001,"(0.015414258188824663, 0.013592233009708738, 0.013980582524271845)"
complex.23444_5_corrected_H_0001,"(0.015414258188824663, 0.015503875968992248, 0.015503875968992248)"
complex.23475_4_corrected_H_0001,"(0.009633911368015413, 0.009689922480620155, 0.009689922480620155)"
complex.23522_2_corrected_H_0001,"(0.017341040462427744, 0.015473887814313346, 0.016118633139909733)"
complex.23533_6_corrected_H_0001,"(0.015414258188824663, 0.015533980582524271, 0.015533980582524271)"
complex.23657_4_corrected_H_0001,"(0.015414258188824663, 0.015533980582524271, 0.015533980582524271)"
complex.23664_4_corrected_H_0001,"(0.01348747591522158, 0.013565891472868217, 0.013565891472868217)"
complex.23698_3_corrected_H_0001,"(0.009633911368015413, 0.009708737864077669, 0.009708737864077669)"
complex.23705_4_corrected_H_0001,"(0.017341040462427744, 0.015533980582524271, 0.015922330097087378)"
complex.23707_1_corrected_H_0001,"(0.017341040462427744, 0.013592233009708738, 0.014368932038834952)"
complex.23811_6_corrected_H_0001,"(0.015414258188824663, 0.009708737864077669, 0.009320388349514562)"
complex.23823_5_corrected_H_0001,"(0.009633911368015413, 0.009708737864077669, 0.009708737864077669)"
complex.24003_4_corrected_H_0001,"(0.01348747591522158, 0.013592233009708738, 0.013592233009708738)"
complex.2402_7_corrected_H_0001,"(0.015414258188824663, 0.013592233009708738, 0.013980582524271845)"
complex.24039_6_corrected_H_0001,"(0.009633911368015413, 0.009708737864077669, 0.009708737864077669)"
complex.24108_6_corrected_H_0001,"(0.011560693641618497, 0.011627906976744186, 0.011627906976744186)"
complex.24153_4_corrected_H_0001,"(0.011560693641618497, 0.011627906976744186, 0.011627906976744186)"
complex.24196_8_corrected_H_0001,"(0.01348747591522158, 0.013592233009708738, 0.013592233009708738)"
complex.24279_5_corrected_H_0001,"(0.02119460500963391, 0.021359223300970873, 0.021359223300970873)"
complex.24399_4_corrected_H_0001,"(0.015414258188824663, 0.009708737864077669, 0.009320388349514562)"
complex.24482_6_corrected_H_0001,"(0.015414258188824663, 0.015533980582524271, 0.015533980582524271)"
complex.24505_3_corrected_H_0001,"(0.01348747591522158, 0.011650485436893204, 0.012038834951456311)"
complex.24594_2_corrected_H_0001,"(0.025048169556840076, 0.023255813953488372, 0.02374031007751938)"
complex.24598_7_corrected_H_0001,"(0.017341040462427744, 0.017475728155339806, 0.017475728155339806)"
complex.24614_7_corrected_H_0001,"(0.015414258188824663, 0.015533980582524271, 0.015533980582524271)"
complex.24661_6_corrected_H_0001,"(0.01348747591522158, 0.011650485436893204, 0.012038834951456311)"
complex.24729_6_corrected_H_0001,"(0.01348747591522158, 0.013565891472868217, 0.013565891472868217)"
complex.2473_4_corrected_H_0001,"(0.023121387283236993, 0.02330097087378641, 0.02330097087378641)"
complex.24803_1_corrected_H_0001,"(0.01348747591522158, 0.013565891472868217, 0.013565891472868217)"
complex.24822_6_corrected_H_0001,"(0.019267822736030827, 0.019417475728155338, 0.019417475728155338)"
complex.24840_5_corrected_H_0001,"(0.009633911368015413, 0.007751937984496124, 0.008236434108527133)"
complex.24914_6_corrected_H_0001,"(0.011560693641618497, 0.011650485436893204, 0.011650485436893204)"
complex.24977_1_corrected_H_0001,"(0.01348747591522158, 0.013565891472868217, 0.013565891472868217)"
complex.24989_7_corrected_H_0001,"(0.005780346820809248, 0.005825242718446602, 0.005825242718446602)"
complex.25019_0_corrected_H_0001,"(0.015414258188824663, 0.013565891472868217, 0.014050387596899225)"
complex.25081_2_corrected_H_0001,"(0.007707129094412331, 0.007751937984496124, 0.007751937984496124)"
complex.25262_6_corrected_H_0001,"(0.011560693641618497, 0.01160541586073501, 0.01160541586073501)"
complex.25328_3_corrected_H_0001,"(0.01348747591522158, 0.009708737864077669, 0.008932038834951455)"
complex.25476_1_corrected_H_0001,"(0.009633911368015413, 0.009708737864077669, 0.009708737864077669)"
complex.25488_5_corrected_H_0001,"(0.015414258188824663, 0.015533980582524271, 0.015533980582524271)"
complex.25578_2_corrected_H_0001,"(0.023121387283236993, 0.021359223300970873, 0.02174757281553398)"
complex.25589_4_corrected_H_0001,"(0.01348747591522158, 0.013592233009708738, 0.013592233009708738)"
complex.2564_2_corrected_H_0001,"(0.01348747591522158, 0.013592233009708738, 0.013592233009708738)"
complex.25709_5_corrected_H_0001,"(0.011560693641618497, 0.011650485436893204, 0.011650485436893204)"
complex.25809_3_corrected_H_0001,"(0.015414258188824663, 0.015503875968992248, 0.015503875968992248)"
complex.2582_7_corrected_H_0001,"(0.017341040462427744, 0.017475728155339806, 0.017475728155339806)"
complex.25987_1_corrected_H_0001,"(0.009633911368015413, 0.009689922480620155, 0.009689922480620155)"
complex.25990_0_corrected_H_0001,"(0.01348747591522158, 0.013592233009708738, 0.013592233009708738)"
complex.25996_2_corrected_H_0001,"(0.007707129094412331, 0.007751937984496124, 0.007751937984496124)"
complex.26045_5_corrected_H_0001,"(0.011560693641618497, 0.011627906976744186, 0.011627906976744186)"
complex.26116_0_corrected_H_0001,"(0.009633911368015413, 0.009708737864077669, 0.009708737864077669)"
complex.26244_7_corrected_H_0001,"(0.007707129094412331, 0.007766990291262136, 0.007766990291262136)"
complex.26245_1_corrected_H_0001,"(0.009633911368015413, 0.009708737864077669, 0.009708737864077669)"
complex.26272_3_corrected_H_0001,"(0.011560693641618497, 0.011627906976744186, 0.011627906976744186)"
complex.26356_1_corrected_H_0001,"(0.007707129094412331, 0.007751937984496124, 0.007751937984496124)"
complex.26504_4_corrected_H_0001,"(0.019267822736030827, 0.017475728155339806, 0.01786407766990291)"
complex.26602_2_corrected_H_0001,"(0.0038535645472061657, 0.003883495145631068, 0.003883495145631068)"
complex.26823_2_corrected_H_0001,"(0.011560693641618497, 0.011650485436893204, 0.011650485436893204)"
complex.26846_3_corrected_H_0001,"(0.01348747591522158, 0.013565891472868217, 0.013565891472868217)"
complex.26873_3_corrected_H_0001,"(0.01348747591522158, 0.011627906976744186, 0.012273901808785528)"
complex.26931_5_corrected_H_0001,"(0.017341040462427744, 0.015503875968992248, 0.015988372093023256)"
complex.26973_1_corrected_H_0001,"(0.023121387283236993, 0.02330097087378641, 0.02330097087378641)"
complex.27021_8_corrected_H_0001,"(0.01348747591522158, 0.011650485436893204, 0.012038834951456311)"
complex.27089_4_corrected_H_0001,"(0.007707129094412331, 0.007751937984496124, 0.007751937984496124)"
complex.27091_7_corrected_H_0001,"(0.02119460500963391, 0.013592233009708738, 0.013592233009708738)"
complex.27174_8_corrected_H_0001,"(0.015414258188824663, 0.013592233009708738, 0.013980582524271845)"
complex.27303_2_corrected_H_0001,"(0.01348747591522158, 0.011650485436893204, 0.012038834951456311)"
complex.27307_2_corrected_H_0001,"(0.019267822736030827, 0.013592233009708738, 0.01320388349514563)"
complex.27324_4_corrected_H_0001,"(0.009633911368015413, 0.009708737864077669, 0.009708737864077669)"
complex.27451_3_corrected_H_0001,"(0.015414258188824663, 0.015533980582524271, 0.015533980582524271)"
complex.27484_7_corrected_H_0001,"(0.009633911368015413, 0.007766990291262136, 0.008155339805825243)"
complex.27554_6_corrected_H_0001,"(0.011560693641618497, 0.011650485436893204, 0.011650485436893204)"
complex.27614_8_corrected_H_0001,"(0.02119460500963391, 0.021359223300970873, 0.021359223300970873)"
complex.27666_1_corrected_H_0001,"(0.02119460500963391, 0.019417475728155338, 0.019805825242718445)"
complex.27708_4_corrected_H_0001,"(0.009633911368015413, 0.009708737864077669, 0.009708737864077669)"
complex.27754_0_corrected_H_0001,"(0.005780346820809248, 0.005813953488372093, 0.005813953488372093)"
complex.2776_8_corrected_H_0001,"(0.017341040462427744, 0.01744186046511628, 0.01744186046511628)"
complex.2778_8_corrected_H_0001,"(0.017341040462427744, 0.017475728155339806, 0.017475728155339806)"
complex.27915_7_corrected_H_0001,"(0.01348747591522158, 0.011650485436893204, 0.012038834951456311)"
complex.27951_6_corrected_H_0001,"(0.02697495183044316, 0.011650485436893204, 0.01320388349514563)"
complex.27980_5_corrected_H_0001,"(0.01348747591522158, 0.013565891472868217, 0.013565891472868217)"
complex.28006_4_corrected_H_0001,"(0.01348747591522158, 0.013539651837524178, 0.013539651837524178)"
complex.28166_1_corrected_H_0001,"(0.01348747591522158, 0.009708737864077669, 0.010485436893203885)"
complex.28214_0_corrected_H_0001,"(0.015414258188824663, 0.015473887814313346, 0.015473887814313346)"
complex.28345_6_corrected_H_0001,"(0.01348747591522158, 0.013592233009708738, 0.013592233009708738)"
complex.28445_4_corrected_H_0001,"(0.007707129094412331, 0.007751937984496124, 0.007751937984496124)"
complex.28502_1_corrected_H_0001,"(0.02119460500963391, 0.01744186046511628, 0.018410852713178296)"
complex.28583_4_corrected_H_0001,"(0.01348747591522158, 0.013592233009708738, 0.013592233009708738)"
complex.28586_3_corrected_H_0001,"(0.007707129094412331, 0.005825242718446602, 0.006213592233009709)"
complex.28692_8_corrected_H_0001,"(0.02697495183044316, 0.02330097087378641, 0.024077669902912623)"
complex.28718_6_corrected_H_0001,"(0.007707129094412331, 0.007766990291262136, 0.007766990291262136)"
complex.28721_7_corrected_H_0001,"(0.011560693641618497, 0.009708737864077669, 0.010097087378640778)"
complex.28728_7_corrected_H_0001,"(0.017341040462427744, 0.01160541586073501, 0.012250161186331399)"
complex.28797_5_corrected_H_0001,"(0.007707129094412331, 0.007751937984496124, 0.007751937984496124)"
complex.28839_4_corrected_H_0001,"(0.007707129094412331, 0.007736943907156673, 0.007736943907156673)"
complex.28854_4_corrected_H_0001,"(0.011560693641618497, 0.011650485436893204, 0.011650485436893204)"
complex.28932_7_corrected_H_0001,"(0.011560693641618497, 0.011650485436893204, 0.011650485436893204)"
complex.28952_4_corrected_H_0001,"(0.009633911368015413, 0.009689922480620155, 0.009689922480620155)"
complex.28953_3_corrected_H_0001,"(0.007707129094412331, 0.007766990291262136, 0.007766990291262136)"
complex.28965_7_corrected_H_0001,"(0.019267822736030827, 0.013592233009708738, 0.01320388349514563)"
complex.28978_6_corrected_H_0001,"(0.005780346820809248, 0.005802707930367505, 0.005802707930367505)"
complex.2901_3_corrected_H_0001,"(0.023121387283236993, 0.021359223300970873, 0.02174757281553398)"
complex.29033_6_corrected_H_0001,"(0.015414258188824663, 0.013592233009708738, 0.013980582524271845)"
complex.29054_2_corrected_H_0001,"(0.01348747591522158, 0.013592233009708738, 0.013592233009708738)"
complex.29105_1_corrected_H_0001,"(0.015414258188824663, 0.013592233009708738, 0.013980582524271845)"
complex.29170_6_corrected_H_0001,"(0.01348747591522158, 0.013565891472868217, 0.013565891472868217)"
complex.29399_3_corrected_H_0001,"(0.01348747591522158, 0.013565891472868217, 0.013565891472868217)"
complex.293_4_corrected_H_0001,"(0.025048169556840076, 0.02131782945736434, 0.022286821705426358)"
complex.29491_4_corrected_H_0001,"(0.011560693641618497, 0.011627906976744186, 0.011627906976744186)"
complex.29529_6_corrected_H_0001,"(0.01348747591522158, 0.011650485436893204, 0.012038834951456311)"
complex.29727_8_corrected_H_0001,"(0.015414258188824663, 0.009708737864077669, 0.009320388349514562)"
complex.29753_7_corrected_H_0001,"(0.01348747591522158, 0.013592233009708738, 0.013592233009708738)"
complex.29795_3_corrected_H_0001,"(0.009633911368015413, 0.009708737864077669, 0.009708737864077669)"
complex.29802_0_corrected_H_0001,"(0.011560693641618497, 0.011650485436893204, 0.011650485436893204)"
complex.29811_5_corrected_H_0001,"(0.023121387283236993, 0.017475728155339806, 0.0170873786407767)"
complex.29833_8_corrected_H_0001,"(0.011560693641618497, 0.011650485436893204, 0.011650485436893204)"
complex.29892_3_corrected_H_0001,"(0.01348747591522158, 0.013592233009708738, 0.013592233009708738)"
complex.29925_8_corrected_H_0001,"(0.011560693641618497, 0.011650485436893204, 0.011650485436893204)"
complex.29931_0_corrected_H_0001,"(0.025048169556840076, 0.021359223300970873, 0.022135922330097087)"
complex.30012_3_corrected_H_0001,"(0.01348747591522158, 0.011650485436893204, 0.012038834951456311)"
complex.30029_1_corrected_H_0001,"(0.01348747591522158, 0.013565891472868217, 0.013565891472868217)"
complex.3007_5_corrected_H_0001,"(0.015414258188824663, 0.015503875968992248, 0.015503875968992248)"
complex.30140_7_corrected_H_0001,"(0.005780346820809248, 0.005825242718446602, 0.005825242718446602)"
complex.3019_3_corrected_H_0001,"(0.009633911368015413, 0.009708737864077669, 0.009708737864077669)"
complex.30224_8_corrected_H_0001,"(0.025048169556840076, 0.02524271844660194, 0.02524271844660194)"
complex.30357_5_corrected_H_0001,"(0.007707129094412331, 0.007766990291262136, 0.007766990291262136)"
complex.30387_2_corrected_H_0001,"(0.01348747591522158, 0.011650485436893204, 0.012038834951456311)"
complex.30409_7_corrected_H_0001,"(0.009633911368015413, 0.009708737864077669, 0.009708737864077669)"
complex.30511_2_corrected_H_0001,"(0.005780346820809248, 0.005825242718446602, 0.005825242718446602)"
complex.30527_4_corrected_H_0001,"(0.02697495183044316, 0.02330097087378641, 0.022524271844660194)"
complex.30532_7_corrected_H_0001,"(0.009633911368015413, 0.007751937984496124, 0.008236434108527133)"
complex.30560_6_corrected_H_0001,"(0.009633911368015413, 0.009708737864077669, 0.009708737864077669)"
complex.30612_3_corrected_H_0001,"(0.009633911368015413, 0.007766990291262136, 0.008155339805825243)"
complex.30648_8_corrected_H_0001,"(0.009633911368015413, 0.009708737864077669, 0.009708737864077669)"
complex.30656_7_corrected_H_0001,"(0.009633911368015413, 0.009689922480620155, 0.009689922480620155)"
complex.30693_3_corrected_H_0001,"(0.025048169556840076, 0.019417475728155338, 0.019029126213592235)"
complex.3074_7_corrected_H_0001,"(0.01348747591522158, 0.013592233009708738, 0.013592233009708738)"
complex.30761_2_corrected_H_0001,"(0.009633911368015413, 0.009689922480620155, 0.009689922480620155)"
complex.30776_1_corrected_H_0001,"(0.009633911368015413, 0.009708737864077669, 0.009708737864077669)"
complex.30804_8_corrected_H_0001,"(0.030828516377649325, 0.031007751937984496, 0.031007751937984496)"
complex.30903_0_corrected_H_0001,"(0.015414258188824663, 0.013592233009708738, 0.013980582524271845)"
complex.31064_5_corrected_H_0001,"(0.009633911368015413, 0.009708737864077669, 0.009708737864077669)"
complex.31080_1_corrected_H_0001,"(0.011560693641618497, 0.011650485436893204, 0.011650485436893204)"
complex.31135_0_corrected_H_0001,"(0.005780346820809248, 0.005825242718446602, 0.005825242718446602)"
complex.31158_6_corrected_H_0001,"(0.005780346820809248, 0.005813953488372093, 0.005813953488372093)"
complex.31186_7_corrected_H_0001,"(0.02119460500963391, 0.019417475728155338, 0.019805825242718445)"
complex.31200_1_corrected_H_0001,"(0.01348747591522158, 0.011650485436893204, 0.012038834951456311)"
complex.31263_0_corrected_H_0001,"(0.011560693641618497, 0.011650485436893204, 0.011650485436893204)"
complex.31366_4_corrected_H_0001,"(0.01348747591522158, 0.013592233009708738, 0.013592233009708738)"
complex.31431_5_corrected_H_0001,"(0.019267822736030827, 0.019417475728155338, 0.019417475728155338)"
complex.31499_0_corrected_H_0001,"(0.019267822736030827, 0.01937984496124031, 0.01937984496124031)"
complex.31536_3_corrected_H_0001,"(0.019267822736030827, 0.017475728155339806, 0.01786407766990291)"
complex.31604_8_corrected_H_0001,"(0.01348747591522158, 0.011650485436893204, 0.012038834951456311)"
complex.31634_1_corrected_H_0001,"(0.011560693641618497, 0.011650485436893204, 0.011650485436893204)"
complex.31666_3_corrected_H_0001,"(0.019267822736030827, 0.019417475728155338, 0.019417475728155338)"
complex.3168_0_corrected_H_0001,"(0.017341040462427744, 0.015533980582524271, 0.015922330097087378)"
complex.31747_5_corrected_H_0001,"(0.007707129094412331, 0.007766990291262136, 0.007766990291262136)"
complex.31765_7_corrected_H_0001,"(0.005780346820809248, 0.005825242718446602, 0.005825242718446602)"
complex.31835_8_corrected_H_0001,"(0.01348747591522158, 0.013592233009708738, 0.013592233009708738)"
complex.31946_6_corrected_H_0001,"(0.009633911368015413, 0.009708737864077669, 0.009708737864077669)"
complex.31972_1_corrected_H_0001,"(0.009633911368015413, 0.009708737864077669, 0.009708737864077669)"
complex.32020_8_corrected_H_0001,"(0.009633911368015413, 0.009689922480620155, 0.009689922480620155)"
complex.32034_7_corrected_H_0001,"(0.005780346820809248, 0.005802707930367505, 0.005802707930367505)"
complex.32077_8_corrected_H_0001,"(0.017341040462427744, 0.013592233009708738, 0.012815533980582524)"
complex.3207_6_corrected_H_0001,"(0.019267822736030827, 0.015503875968992248, 0.016472868217054265)"
complex.32093_3_corrected_H_0001,"(0.011560693641618497, 0.011650485436893204, 0.011650485436893204)"
complex.3211_7_corrected_H_0001,"(0.025048169556840076, 0.019417475728155338, 0.019029126213592235)"
complex.3216_3_corrected_H_0001,"(0.011560693641618497, 0.011650485436893204, 0.011650485436893204)"
complex.32242_0_corrected_H_0001,"(0.01348747591522158, 0.013539651837524178, 0.013539651837524178)"
complex.32266_3_corrected_H_0001,"(0.01348747591522158, 0.013592233009708738, 0.013592233009708738)"
complex.32266_5_corrected_H_0001,"(0.017341040462427744, 0.015533980582524271, 0.015922330097087378)"
complex.32267_5_corrected_H_0001,"(0.009633911368015413, 0.009708737864077669, 0.009708737864077669)"
complex.32377_7_corrected_H_0001,"(0.007707129094412331, 0.005825242718446602, 0.006213592233009709)"
complex.32448_2_corrected_H_0001,"(0.007707129094412331, 0.007751937984496124, 0.007751937984496124)"
complex.32465_2_corrected_H_0001,"(0.015414258188824663, 0.015533980582524271, 0.015533980582524271)"
complex.32508_4_corrected_H_0001,"(0.011560693641618497, 0.009671179883945842, 0.010315925209542231)"
complex.32565_7_corrected_H_0001,"(0.015414258188824663, 0.015533980582524271, 0.015533980582524271)"
complex.32568_3_corrected_H_0001,"(0.009633911368015413, 0.009708737864077669, 0.009708737864077669)"
complex.32585_5_corrected_H_0001,"(0.007707129094412331, 0.007766990291262136, 0.007766990291262136)"
complex.32819_8_corrected_H_0001,"(0.028901734104046242, 0.02330097087378641, 0.0229126213592233)"
complex.32821_3_corrected_H_0001,"(0.01348747591522158, 0.013539651837524178, 0.013539651837524178)"
complex.32833_2_corrected_H_0001,"(0.015414258188824663, 0.015533980582524271, 0.015533980582524271)"
complex.32947_4_corrected_H_0001,"(0.007707129094412331, 0.007751937984496124, 0.007751937984496124)"
complex.32961_8_corrected_H_0001,"(0.02119460500963391, 0.019417475728155338, 0.019805825242718445)"
complex.3301_1_corrected_H_0001,"(0.011560693641618497, 0.011650485436893204, 0.011650485436893204)"
complex.33089_5_corrected_H_0001,"(0.011560693641618497, 0.011627906976744186, 0.011627906976744186)"
complex.33140_0_corrected_H_0001,"(0.015414258188824663, 0.011650485436893204, 0.01087378640776699)"
complex.33149_2_corrected_H_0001,"(0.009633911368015413, 0.009708737864077669, 0.009708737864077669)"
complex.33278_3_corrected_H_0001,"(0.011560693641618497, 0.011627906976744186, 0.011627906976744186)"
complex.33338_2_corrected_H_0001,"(0.009633911368015413, 0.005825242718446602, 0.005048543689320389)"
complex.33348_8_corrected_H_0001,"(0.017341040462427744, 0.013592233009708738, 0.014368932038834952)"
complex.33375_5_corrected_H_0001,"(0.015414258188824663, 0.011650485436893204, 0.012427184466019418)"
complex.33434_2_corrected_H_0001,"(0.005780346820809248, 0.005813953488372093, 0.005813953488372093)"
complex.33436_1_corrected_H_0001,"(0.017341040462427744, 0.017475728155339806, 0.017475728155339806)"
complex.33457_4_corrected_H_0001,"(0.009633911368015413, 0.009689922480620155, 0.009689922480620155)"
complex.33580_7_corrected_H_0001,"(0.02119460500963391, 0.015533980582524271, 0.015145631067961164)"
complex.33620_1_corrected_H_0001,"(0.009633911368015413, 0.009689922480620155, 0.009689922480620155)"
complex.33677_6_corrected_H_0001,"(0.017341040462427744, 0.013592233009708738, 0.014368932038834952)"
complex.33720_8_corrected_H_0001,"(0.02119460500963391, 0.021359223300970873, 0.021359223300970873)"
complex.33753_7_corrected_H_0001,"(0.015414258188824663, 0.013565891472868217, 0.014050387596899225)"
complex.34002_4_corrected_H_0001,"(0.02119460500963391, 0.021359223300970873, 0.021359223300970873)"
complex.34098_4_corrected_H_0001,"(0.01348747591522158, 0.011650485436893204, 0.012038834951456311)"
complex.34106_0_corrected_H_0001,"(0.02119460500963391, 0.015533980582524271, 0.015145631067961164)"
complex.34214_1_corrected_H_0001,"(0.011560693641618497, 0.011627906976744186, 0.011627906976744186)"
complex.34230_0_corrected_H_0001,"(0.007707129094412331, 0.007736943907156673, 0.007736943907156673)"
complex.34358_1_corrected_H_0001,"(0.009633911368015413, 0.009708737864077669, 0.009708737864077669)"
complex.34404_7_corrected_H_0001,"(0.017341040462427744, 0.013592233009708738, 0.014368932038834952)"
complex.34485_1_corrected_H_0001,"(0.007707129094412331, 0.007751937984496124, 0.007751937984496124)"
complex.34597_0_corrected_H_0001,"(0.005780346820809248, 0.005813953488372093, 0.005813953488372093)"
complex.34597_1_corrected_H_0001,"(0.011560693641618497, 0.011650485436893204, 0.011650485436893204)"
complex.34629_6_corrected_H_0001,"(0.007707129094412331, 0.007766990291262136, 0.007766990291262136)"
complex.34701_5_corrected_H_0001,"(0.009633911368015413, 0.009708737864077669, 0.009708737864077669)"
complex.34747_2_corrected_H_0001,"(0.02119460500963391, 0.015533980582524271, 0.015145631067961164)"
complex.3483_6_corrected_H_0001,"(0.017341040462427744, 0.015533980582524271, 0.015922330097087378)"
complex.34898_7_corrected_H_0001,"(0.015414258188824663, 0.015533980582524271, 0.015533980582524271)"
complex.34943_3_corrected_H_0001,"(0.017341040462427744, 0.017475728155339806, 0.017475728155339806)"
complex.35153_5_corrected_H_0001,"(0.0038535645472061657, 0.003883495145631068, 0.003883495145631068)"
complex.35199_7_corrected_H_0001,"(0.015414258188824663, 0.015533980582524271, 0.015533980582524271)"
complex.35227_2_corrected_H_0001,"(0.019267822736030827, 0.019417475728155338, 0.019417475728155338)"
complex.35289_8_corrected_H_0001,"(0.009633911368015413, 0.009689922480620155, 0.009689922480620155)"
complex.35314_0_corrected_H_0001,"(0.017341040462427744, 0.017475728155339806, 0.017475728155339806)"
complex.35375_2_corrected_H_0001,"(0.015414258188824663, 0.011650485436893204, 0.012427184466019418)"
complex.35474_5_corrected_H_0001,"(0.015414258188824663, 0.015533980582524271, 0.015533980582524271)"
complex.35600_0_corrected_H_0001,"(0.007707129094412331, 0.007766990291262136, 0.007766990291262136)"
complex.35695_8_corrected_H_0001,"(0.009633911368015413, 0.009708737864077669, 0.009708737864077669)"
complex.35844_6_corrected_H_0001,"(0.01348747591522158, 0.013592233009708738, 0.013592233009708738)"
complex.35871_0_corrected_H_0001,"(0.019267822736030827, 0.019417475728155338, 0.019417475728155338)"
complex.35882_7_corrected_H_0001,"(0.01348747591522158, 0.013592233009708738, 0.013592233009708738)"
complex.35910_6_corrected_H_0001,"(0.005780346820809248, 0.005825242718446602, 0.005825242718446602)"
complex.36042_6_corrected_H_0001,"(0.02119460500963391, 0.017475728155339806, 0.01825242718446602)"
complex.36081_8_corrected_H_0001,"(0.023121387283236993, 0.02330097087378641, 0.02330097087378641)"
complex.36125_2_corrected_H_0001,"(0.02119460500963391, 0.019417475728155338, 0.019805825242718445)"
complex.36147_4_corrected_H_0001,"(0.01348747591522158, 0.013592233009708738, 0.013592233009708738)"
complex.3617_6_corrected_H_0001,"(0.009633911368015413, 0.009708737864077669, 0.009708737864077669)"
complex.36240_3_corrected_H_0001,"(0.019267822736030827, 0.019417475728155338, 0.019417475728155338)"
complex.3629_5_corrected_H_0001,"(0.009633911368015413, 0.009708737864077669, 0.009708737864077669)"
complex.36301_7_corrected_H_0001,"(0.02119460500963391, 0.021359223300970873, 0.021359223300970873)"
complex.36407_6_corrected_H_0001,"(0.019267822736030827, 0.017475728155339806, 0.01786407766990291)"
complex.36560_4_corrected_H_0001,"(0.01348747591522158, 0.013592233009708738, 0.013592233009708738)"
complex.36564_8_corrected_H_0001,"(0.011560693641618497, 0.007766990291262136, 0.006990291262135922)"
complex.36605_4_corrected_H_0001,"(0.02119460500963391, 0.015533980582524271, 0.015145631067961164)"
complex.36625_1_corrected_H_0001,"(0.005780346820809248, 0.005813953488372093, 0.005813953488372093)"
complex.36633_3_corrected_H_0001,"(0.011560693641618497, 0.011650485436893204, 0.011650485436893204)"
complex.36670_0_corrected_H_0001,"(0.02119460500963391, 0.021359223300970873, 0.021359223300970873)"
complex.36703_3_corrected_H_0001,"(0.015414258188824663, 0.015503875968992248, 0.015503875968992248)"
complex.36746_0_corrected_H_0001,"(0.01348747591522158, 0.013592233009708738, 0.013592233009708738)"
complex.36751_4_corrected_H_0001,"(0.023121387283236993, 0.02330097087378641, 0.02330097087378641)"
complex.36763_3_corrected_H_0001,"(0.019267822736030827, 0.011650485436893204, 0.011650485436893204)"
complex.36944_5_corrected_H_0001,"(0.015414258188824663, 0.015533980582524271, 0.015533980582524271)"
complex.36948_1_corrected_H_0001,"(0.007707129094412331, 0.007766990291262136, 0.007766990291262136)"
complex.36975_4_corrected_H_0001,"(0.02119460500963391, 0.013592233009708738, 0.013592233009708738)"
complex.36993_4_corrected_H_0001,"(0.007707129094412331, 0.007766990291262136, 0.007766990291262136)"
complex.369_6_corrected_H_0001,"(0.017341040462427744, 0.013592233009708738, 0.012815533980582524)"
complex.37019_0_corrected_H_0001,"(0.011560693641618497, 0.011650485436893204, 0.011650485436893204)"
complex.37020_2_corrected_H_0001,"(0.02119460500963391, 0.021359223300970873, 0.021359223300970873)"
complex.37045_6_corrected_H_0001,"(0.007707129094412331, 0.007751937984496124, 0.007751937984496124)"
complex.37065_5_corrected_H_0001,"(0.0038535645472061657, 0.003875968992248062, 0.003875968992248062)"
complex.37093_4_corrected_H_0001,"(0.015414258188824663, 0.011627906976744186, 0.013242894056847544)"
complex.3709_7_corrected_H_0001,"(0.02119460500963391, 0.021359223300970873, 0.021359223300970873)"
complex.37103_4_corrected_H_0001,"(0.01348747591522158, 0.013565891472868217, 0.013565891472868217)"
complex.3727_3_corrected_H_0001,"(0.007707129094412331, 0.007766990291262136, 0.007766990291262136)"
complex.3739_0_corrected_H_0001,"(0.015414258188824663, 0.015533980582524271, 0.015533980582524271)"
complex.37424_1_corrected_H_0001,"(0.005780346820809248, 0.005825242718446602, 0.005825242718446602)"
complex.37491_6_corrected_H_0001,"(0.019267822736030827, 0.017475728155339806, 0.01786407766990291)"
complex.37515_7_corrected_H_0001,"(0.01348747591522158, 0.013592233009708738, 0.013592233009708738)"
complex.37625_0_corrected_H_0001,"(0.02119460500963391, 0.01556420233463035, 0.014915693904020751)"
complex.37652_1_corrected_H_0001,"(0.009633911368015413, 0.009689922480620155, 0.009689922480620155)"
complex.37697_0_corrected_H_0001,"(0.011560693641618497, 0.011650485436893204, 0.011650485436893204)"
complex.37835_4_corrected_H_0001,"(0.01348747591522158, 0.013592233009708738, 0.013592233009708738)"
complex.37940_5_corrected_H_0001,"(0.007707129094412331, 0.007766990291262136, 0.007766990291262136)"
complex.37979_2_corrected_H_0001,"(0.017341040462427744, 0.017475728155339806, 0.017475728155339806)"
complex.38013_4_corrected_H_0001,"(0.009633911368015413, 0.007766990291262136, 0.008155339805825243)"
complex.38204_1_corrected_H_0001,"(0.011560693641618497, 0.009708737864077669, 0.010097087378640778)"
complex.38212_3_corrected_H_0001,"(0.011560693641618497, 0.011650485436893204, 0.011650485436893204)"
complex.38300_8_corrected_H_0001,"(0.007707129094412331, 0.007751937984496124, 0.007751937984496124)"
complex.38330_0_corrected_H_0001,"(0.023121387283236993, 0.01937984496124031, 0.020348837209302327)"
complex.38350_0_corrected_H_0001,"(0.02119460500963391, 0.019417475728155338, 0.019805825242718445)"
complex.38369_4_corrected_H_0001,"(0.009633911368015413, 0.009708737864077669, 0.009708737864077669)"
complex.38612_2_corrected_H_0001,"(0.011560693641618497, 0.009689922480620155, 0.010174418604651164)"
complex.38764_0_corrected_H_0001,"(0.005780346820809248, 0.005813953488372093, 0.005813953488372093)"
complex.38860_0_corrected_H_0001,"(0.019267822736030827, 0.013592233009708738, 0.01320388349514563)"
complex.38889_0_corrected_H_0001,"(0.005780346820809248, 0.005825242718446602, 0.005825242718446602)"
complex.38914_5_corrected_H_0001,"(0.011560693641618497, 0.009708737864077669, 0.010097087378640778)"
complex.3905_3_corrected_H_0001,"(0.01348747591522158, 0.013592233009708738, 0.013592233009708738)"
complex.39132_3_corrected_H_0001,"(0.019267822736030827, 0.019417475728155338, 0.019417475728155338)"
complex.39215_1_corrected_H_0001,"(0.019267822736030827, 0.011650485436893204, 0.011650485436893204)"
complex.39229_4_corrected_H_0001,"(0.005780346820809248, 0.005825242718446602, 0.005825242718446602)"
complex.39294_2_corrected_H_0001,"(0.019267822736030827, 0.019417475728155338, 0.019417475728155338)"
complex.3930_8_corrected_H_0001,"(0.023121387283236993, 0.017475728155339806, 0.0170873786407767)"
complex.39328_1_corrected_H_0001,"(0.007707129094412331, 0.007751937984496124, 0.007751937984496124)"
complex.39375_3_corrected_H_0001,"(0.015414258188824663, 0.015503875968992248, 0.015503875968992248)"
complex.39396_2_corrected_H_0001,"(0.011560693641618497, 0.011627906976744186, 0.011627906976744186)"
complex.393_5_corrected_H_0001,"(0.023121387283236993, 0.02330097087378641, 0.02330097087378641)"
complex.39410_6_corrected_H_0001,"(0.02119460500963391, 0.017475728155339806, 0.016699029126213592)"
complex.39478_2_corrected_H_0001,"(0.02697495183044316, 0.021359223300970873, 0.02097087378640777)"
complex.39498_1_corrected_H_0001,"(0.019267822736030827, 0.01744186046511628, 0.017926356589147287)"
complex.39583_1_corrected_H_0001,"(0.007707129094412331, 0.005836575875486381, 0.006160830090791181)"
complex.39598_8_corrected_H_0001,"(0.01348747591522158, 0.013592233009708738, 0.013592233009708738)"
complex.39610_3_corrected_H_0001,"(0.0019267822736030828, 0.001941747572815534, 0.001941747572815534)"
complex.39781_4_corrected_H_0001,"(0.01348747591522158, 0.009708737864077669, 0.010485436893203885)"
complex.40100_5_corrected_H_0001,"(0.011560693641618497, 0.011627906976744186, 0.011627906976744186)"
complex.40108_5_corrected_H_0001,"(0.01348747591522158, 0.013592233009708738, 0.013592233009708738)"
complex.40115_6_corrected_H_0001,"(0.02697495183044316, 0.017475728155339806, 0.01786407766990291)"
complex.40124_4_corrected_H_0001,"(0.011560693641618497, 0.011650485436893204, 0.011650485436893204)"
complex.40140_4_corrected_H_0001,"(0.007707129094412331, 0.007766990291262136, 0.007766990291262136)"
complex.40274_2_corrected_H_0001,"(0.015414258188824663, 0.015533980582524271, 0.015533980582524271)"
complex.40528_0_corrected_H_0001,"(0.009633911368015413, 0.009708737864077669, 0.009708737864077669)"
complex.40560_8_corrected_H_0001,"(0.005780346820809248, 0.005813953488372093, 0.005813953488372093)"
complex.40594_4_corrected_H_0001,"(0.011560693641618497, 0.011650485436893204, 0.011650485436893204)"
complex.4060_3_corrected_H_0001,"(0.02119460500963391, 0.019417475728155338, 0.019805825242718445)"
complex.40636_4_corrected_H_0001,"(0.007707129094412331, 0.007751937984496124, 0.007751937984496124)"
complex.4066_0_corrected_H_0001,"(0.015414258188824663, 0.015533980582524271, 0.015533980582524271)"
complex.40699_6_corrected_H_0001,"(0.011560693641618497, 0.011627906976744186, 0.011627906976744186)"
complex.40773_7_corrected_H_0001,"(0.015414258188824663, 0.013592233009708738, 0.013980582524271845)"
complex.40821_8_corrected_H_0001,"(0.02119460500963391, 0.013592233009708738, 0.013592233009708738)"
complex.40893_1_corrected_H_0001,"(0.01348747591522158, 0.013592233009708738, 0.013592233009708738)"
complex.40923_3_corrected_H_0001,"(0.025048169556840076, 0.017475728155339806, 0.017475728155339806)"
complex.40983_8_corrected_H_0001,"(0.019267822736030827, 0.019417475728155338, 0.019417475728155338)"
complex.40995_8_corrected_H_0001,"(0.011560693641618497, 0.011650485436893204, 0.011650485436893204)"
complex.40999_5_corrected_H_0001,"(0.015414258188824663, 0.015503875968992248, 0.015503875968992248)"
complex.41138_8_corrected_H_0001,"(0.007707129094412331, 0.007751937984496124, 0.007751937984496124)"
complex.41157_1_corrected_H_0001,"(0.01348747591522158, 0.013592233009708738, 0.013592233009708738)"
complex.41208_8_corrected_H_0001,"(0.011560693641618497, 0.011650485436893204, 0.011650485436893204)"
complex.41225_2_corrected_H_0001,"(0.007707129094412331, 0.007766990291262136, 0.007766990291262136)"
complex.41275_1_corrected_H_0001,"(0.01348747591522158, 0.013565891472868217, 0.013565891472868217)"
complex.41375_8_corrected_H_0001,"(0.011560693641618497, 0.011650485436893204, 0.011650485436893204)"
complex.41394_6_corrected_H_0001,"(0.007707129094412331, 0.007766990291262136, 0.007766990291262136)"
complex.41470_6_corrected_H_0001,"(0.023121387283236993, 0.017509727626459144, 0.016861219195849545)"
complex.41473_6_corrected_H_0001,"(0.009633911368015413, 0.009689922480620155, 0.009689922480620155)"
complex.41491_3_corrected_H_0001,"(0.005780346820809248, 0.005825242718446602, 0.005825242718446602)"
complex.41549_8_corrected_H_0001,"(0.005780346820809248, 0.005825242718446602, 0.005825242718446602)"
complex.41562_3_corrected_H_0001,"(0.005780346820809248, 0.005825242718446602, 0.005825242718446602)"
complex.41665_3_corrected_H_0001,"(0.01348747591522158, 0.011650485436893204, 0.012038834951456311)"
complex.41672_1_corrected_H_0001,"(0.017341040462427744, 0.015533980582524271, 0.015922330097087378)"
complex.41699_4_corrected_H_0001,"(0.015414258188824663, 0.015533980582524271, 0.015533980582524271)"
complex.41794_6_corrected_H_0001,"(0.01348747591522158, 0.01160541586073501, 0.012250161186331399)"
complex.41884_3_corrected_H_0001,"(0.01348747591522158, 0.013592233009708738, 0.013592233009708738)"
complex.41886_8_corrected_H_0001,"(0.007707129094412331, 0.007766990291262136, 0.007766990291262136)"
complex.41954_5_corrected_H_0001,"(0.005780346820809248, 0.005825242718446602, 0.005825242718446602)"
complex.41_8_corrected_H_0001,"(0.03468208092485549, 0.03300970873786408, 0.033398058252427185)"
complex.42025_3_corrected_H_0001,"(0.009633911368015413, 0.009671179883945842, 0.009671179883945842)"
complex.42052_3_corrected_H_0001,"(0.009633911368015413, 0.007766990291262136, 0.008155339805825243)"
complex.42068_3_corrected_H_0001,"(0.01348747591522158, 0.013592233009708738, 0.013592233009708738)"
complex.4207_5_corrected_H_0001,"(0.019267822736030827, 0.019417475728155338, 0.019417475728155338)"
complex.42265_2_corrected_H_0001,"(0.015414258188824663, 0.015533980582524271, 0.015533980582524271)"
complex.42396_3_corrected_H_0001,"(0.01348747591522158, 0.011627906976744186, 0.012112403100775194)"
complex.42411_0_corrected_H_0001,"(0.005780346820809248, 0.005802707930367505, 0.005802707930367505)"
complex.42413_6_corrected_H_0001,"(0.015414258188824663, 0.009708737864077669, 0.009320388349514562)"
complex.42420_2_corrected_H_0001,"(0.025048169556840076, 0.017509727626459144, 0.017185473411154346)"
complex.42449_7_corrected_H_0001,"(0.009633911368015413, 0.009708737864077669, 0.009708737864077669)"
complex.42475_5_corrected_H_0001,"(0.019267822736030827, 0.019417475728155338, 0.019417475728155338)"
complex.4247_8_corrected_H_0001,"(0.015414258188824663, 0.013592233009708738, 0.013980582524271845)"
complex.42490_6_corrected_H_0001,"(0.01348747591522158, 0.013592233009708738, 0.013592233009708738)"
complex.424_7_corrected_H_0001,"(0.019267822736030827, 0.019417475728155338, 0.019417475728155338)"
complex.42527_2_corrected_H_0001,"(0.007707129094412331, 0.007751937984496124, 0.007751937984496124)"
complex.42559_7_corrected_H_0001,"(0.017341040462427744, 0.013565891472868217, 0.015180878552971575)"
complex.42560_5_corrected_H_0001,"(0.017341040462427744, 0.017475728155339806, 0.017475728155339806)"
complex.42609_6_corrected_H_0001,"(0.0038535645472061657, 0.0038684719535783366, 0.0038684719535783366)"
complex.42696_9_corrected_H_0001,"(0.0038535645472061657, 0.003883495145631068, 0.003883495145631068)"
complex.42707_1_corrected_H_0001,"(0.007707129094412331, 0.007766990291262136, 0.007766990291262136)"
complex.42726_7_corrected_H_0001,"(0.007707129094412331, 0.007766990291262136, 0.007766990291262136)"
complex.42798_6_corrected_H_0001,"(0.009633911368015413, 0.009708737864077669, 0.009708737864077669)"
complex.42856_9_corrected_H_0001,"(0.019267822736030827, 0.019417475728155338, 0.019417475728155338)"
complex.42858_1_corrected_H_0001,"(0.01348747591522158, 0.013592233009708738, 0.013592233009708738)"
complex.42884_1_corrected_H_0001,"(0.011560693641618497, 0.005825242718446602, 0.005436893203883495)"
complex.42887_7_corrected_H_0001,"(0.023121387283236993, 0.02330097087378641, 0.02330097087378641)"
complex.42898_9_corrected_H_0001,"(0.007707129094412331, 0.007751937984496124, 0.007751937984496124)"
complex.42907_3_corrected_H_0001,"(0.007707129094412331, 0.007766990291262136, 0.007766990291262136)"
complex.42967_7_corrected_H_0001,"(0.02119460500963391, 0.021359223300970873, 0.021359223300970873)"
complex.43003_6_corrected_H_0001,"(0.023121387283236993, 0.017475728155339806, 0.0170873786407767)"
complex.43093_0_corrected_H_0001,"(0.009633911368015413, 0.009671179883945842, 0.009671179883945842)"
complex.43094_7_corrected_H_0001,"(0.005780346820809248, 0.005813953488372093, 0.005813953488372093)"
complex.4311_2_corrected_H_0001,"(0.015414258188824663, 0.013592233009708738, 0.013980582524271845)"
complex.43199_9_corrected_H_0001,"(0.011560693641618497, 0.009708737864077669, 0.010097087378640778)"
complex.43243_5_corrected_H_0001,"(0.011560693641618497, 0.007766990291262136, 0.00854368932038835)"
complex.43313_2_corrected_H_0001,"(0.01348747591522158, 0.013592233009708738, 0.013592233009708738)"
complex.43317_3_corrected_H_0001,"(0.011560693641618497, 0.011650485436893204, 0.011650485436893204)"
complex.43377_7_corrected_H_0001,"(0.01348747591522158, 0.013565891472868217, 0.013565891472868217)"
complex.43381_5_corrected_H_0001,"(0.01348747591522158, 0.009708737864077669, 0.008932038834951455)"
complex.43384_3_corrected_H_0001,"(0.0038535645472061657, 0.003875968992248062, 0.003875968992248062)"
complex.43415_9_corrected_H_0001,"(0.009633911368015413, 0.009708737864077669, 0.009708737864077669)"
complex.43428_9_corrected_H_0001,"(0.005780346820809248, 0.005825242718446602, 0.005825242718446602)"
complex.43452_6_corrected_H_0001,"(0.005780346820809248, 0.005813953488372093, 0.005813953488372093)"
complex.43458_5_corrected_H_0001,"(0.007707129094412331, 0.007751937984496124, 0.007751937984496124)"
complex.43479_7_corrected_H_0001,"(0.01348747591522158, 0.013565891472868217, 0.013565891472868217)"
complex.43534_5_corrected_H_0001,"(0.009633911368015413, 0.009708737864077669, 0.009708737864077669)"
complex.43534_7_corrected_H_0001,"(0.011560693641618497, 0.009708737864077669, 0.010097087378640778)"
complex.43575_6_corrected_H_0001,"(0.015414258188824663, 0.015503875968992248, 0.015503875968992248)"
complex.43645_2_corrected_H_0001,"(0.011560693641618497, 0.011627906976744186, 0.011627906976744186)"
complex.43665_7_corrected_H_0001,"(0.011560693641618497, 0.011627906976744186, 0.011627906976744186)"
complex.43668_9_corrected_H_0001,"(0.019267822736030827, 0.01937984496124031, 0.01937984496124031)"
complex.43772_0_corrected_H_0001,"(0.01348747591522158, 0.011627906976744186, 0.012596899224806201)"
complex.43855_6_corrected_H_0001,"(0.009633911368015413, 0.007766990291262136, 0.008155339805825243)"
complex.43933_8_corrected_H_0001,"(0.007707129094412331, 0.007766990291262136, 0.007766990291262136)"
complex.4397_4_corrected_H_0001,"(0.019267822736030827, 0.015533980582524271, 0.016310679611650485)"
complex.43990_2_corrected_H_0001,"(0.007707129094412331, 0.007766990291262136, 0.007766990291262136)"
complex.44124_2_corrected_H_0001,"(0.007707129094412331, 0.007766990291262136, 0.007766990291262136)"
complex.44158_9_corrected_H_0001,"(0.005780346820809248, 0.005825242718446602, 0.005825242718446602)"
complex.44189_2_corrected_H_0001,"(0.015414258188824663, 0.015533980582524271, 0.015533980582524271)"
complex.44261_4_corrected_H_0001,"(0.01348747591522158, 0.007766990291262136, 0.0073786407766990286)"
complex.44263_5_corrected_H_0001,"(0.015414258188824663, 0.015503875968992248, 0.015503875968992248)"
complex.44310_9_corrected_H_0001,"(0.007707129094412331, 0.007766990291262136, 0.007766990291262136)"
complex.44342_8_corrected_H_0001,"(0.015414258188824663, 0.015503875968992248, 0.015503875968992248)"
complex.44521_1_corrected_H_0001,"(0.011560693641618497, 0.011627906976744186, 0.011627906976744186)"
complex.44590_0_corrected_H_0001,"(0.007707129094412331, 0.007766990291262136, 0.007766990291262136)"
complex.44615_5_corrected_H_0001,"(0.017341040462427744, 0.011650485436893204, 0.011262135922330097)"
complex.44644_8_corrected_H_0001,"(0.01348747591522158, 0.013592233009708738, 0.013592233009708738)"
complex.44707_9_corrected_H_0001,"(0.01348747591522158, 0.013592233009708738, 0.013592233009708738)"
complex.44861_5_corrected_H_0001,"(0.009633911368015413, 0.009689922480620155, 0.009689922480620155)"
complex.44903_3_corrected_H_0001,"(0.011560693641618497, 0.011650485436893204, 0.011650485436893204)"
complex.44909_9_corrected_H_0001,"(0.005780346820809248, 0.005825242718446602, 0.005825242718446602)"
complex.45070_0_corrected_H_0001,"(0.025048169556840076, 0.017475728155339806, 0.017475728155339806)"
complex.45110_4_corrected_H_0001,"(0.011560693641618497, 0.009708737864077669, 0.010097087378640778)"
complex.45135_0_corrected_H_0001,"(0.015414258188824663, 0.015503875968992248, 0.015503875968992248)"
complex.45235_1_corrected_H_0001,"(0.011560693641618497, 0.011650485436893204, 0.011650485436893204)"
complex.45321_0_corrected_H_0001,"(0.015414258188824663, 0.015473887814313346, 0.015473887814313346)"
complex.45337_6_corrected_H_0001,"(0.028901734104046242, 0.027184466019417475, 0.027572815533980582)"
complex.45397_0_corrected_H_0001,"(0.019267822736030827, 0.01744186046511628, 0.016795865633074933)"
complex.45399_9_corrected_H_0001,"(0.005780346820809248, 0.005813953488372093, 0.005813953488372093)"
complex.4541_3_corrected_H_0001,"(0.009633911368015413, 0.009708737864077669, 0.009708737864077669)"
complex.45445_5_corrected_H_0001,"(0.01348747591522158, 0.009708737864077669, 0.010485436893203885)"
complex.45559_2_corrected_H_0001,"(0.017341040462427744, 0.017475728155339806, 0.017475728155339806)"
complex.45592_2_corrected_H_0001,"(0.023121387283236993, 0.015533980582524271, 0.015533980582524271)"
complex.45660_9_corrected_H_0001,"(0.011560693641618497, 0.011650485436893204, 0.011650485436893204)"
complex.45687_3_corrected_H_0001,"(0.015414258188824663, 0.015533980582524271, 0.015533980582524271)"
complex.45705_4_corrected_H_0001,"(0.009633911368015413, 0.009689922480620155, 0.009689922480620155)"
complex.45801_8_corrected_H_0001,"(0.017341040462427744, 0.017408123791102514, 0.017408123791102514)"
complex.45811_2_corrected_H_0001,"(0.007707129094412331, 0.007766990291262136, 0.007766990291262136)"
complex.45812_1_corrected_H_0001,"(0.015414258188824663, 0.015503875968992248, 0.015503875968992248)"
complex.45932_3_corrected_H_0001,"(0.02697495183044316, 0.017475728155339806, 0.01786407766990291)"
complex.45957_6_corrected_H_0001,"(0.007707129094412331, 0.007766990291262136, 0.007766990291262136)"
complex.46028_9_corrected_H_0001,"(0.015414258188824663, 0.015533980582524271, 0.015533980582524271)"
complex.46045_9_corrected_H_0001,"(0.01348747591522158, 0.011627906976744186, 0.012112403100775194)"
complex.46095_0_corrected_H_0001,"(0.01348747591522158, 0.011650485436893204, 0.012038834951456311)"
complex.46122_9_corrected_H_0001,"(0.01348747591522158, 0.013539651837524178, 0.013539651837524178)"
complex.46131_1_corrected_H_0001,"(0.023121387283236993, 0.02330097087378641, 0.02330097087378641)"
complex.46167_8_corrected_H_0001,"(0.005780346820809248, 0.005825242718446602, 0.005825242718446602)"
complex.46205_3_corrected_H_0001,"(0.01348747591522158, 0.013592233009708738, 0.013592233009708738)"
complex.46213_1_corrected_H_0001,"(0.009633911368015413, 0.009708737864077669, 0.009708737864077669)"
complex.46260_1_corrected_H_0001,"(0.017341040462427744, 0.013592233009708738, 0.014368932038834952)"
complex.46329_9_corrected_H_0001,"(0.015414258188824663, 0.013592233009708738, 0.013980582524271845)"
complex.46350_9_corrected_H_0001,"(0.011560693641618497, 0.011650485436893204, 0.011650485436893204)"
complex.46398_9_corrected_H_0001,"(0.007707129094412331, 0.003883495145631068, 0.004660194174757281)"
complex.46466_8_corrected_H_0001,"(0.01348747591522158, 0.013592233009708738, 0.013592233009708738)"
complex.46500_9_corrected_H_0001,"(0.009633911368015413, 0.009671179883945842, 0.009671179883945842)"
complex.46518_0_corrected_H_0001,"(0.0038535645472061657, 0.003883495145631068, 0.003883495145631068)"
complex.46521_1_corrected_H_0001,"(0.015414258188824663, 0.015533980582524271, 0.015533980582524271)"
complex.46522_4_corrected_H_0001,"(0.01348747591522158, 0.013592233009708738, 0.013592233009708738)"
complex.46640_6_corrected_H_0001,"(0.011560693641618497, 0.011627906976744186, 0.011627906976744186)"
complex.46668_1_corrected_H_0001,"(0.011560693641618497, 0.009708737864077669, 0.010097087378640778)"
complex.46709_5_corrected_H_0001,"(0.015414258188824663, 0.015533980582524271, 0.015533980582524271)"
complex.46721_9_corrected_H_0001,"(0.015414258188824663, 0.015533980582524271, 0.015533980582524271)"
complex.46826_7_corrected_H_0001,"(0.011560693641618497, 0.009689922480620155, 0.009689922480620155)"
complex.46845_4_corrected_H_0001,"(0.009633911368015413, 0.009708737864077669, 0.009708737864077669)"
complex.46863_2_corrected_H_0001,"(0.01348747591522158, 0.013592233009708738, 0.013592233009708738)"
complex.46893_8_corrected_H_0001,"(0.009633911368015413, 0.009671179883945842, 0.009671179883945842)"
complex.46905_5_corrected_H_0001,"(0.007707129094412331, 0.007736943907156673, 0.007736943907156673)"
complex.46941_0_corrected_H_0001,"(0.023121387283236993, 0.02330097087378641, 0.02330097087378641)"
complex.47005_9_corrected_H_0001,"(0.02119460500963391, 0.017475728155339806, 0.016699029126213592)"
complex.4708_5_corrected_H_0001,"(0.01348747591522158, 0.011650485436893204, 0.012038834951456311)"
complex.47120_8_corrected_H_0001,"(0.011560693641618497, 0.011650485436893204, 0.011650485436893204)"
complex.47250_5_corrected_H_0001,"(0.011560693641618497, 0.011650485436893204, 0.011650485436893204)"
complex.4728_0_corrected_H_0001,"(0.011560693641618497, 0.011650485436893204, 0.011650485436893204)"
complex.47340_3_corrected_H_0001,"(0.017341040462427744, 0.013592233009708738, 0.014368932038834952)"
complex.47404_5_corrected_H_0001,"(0.01348747591522158, 0.013592233009708738, 0.013592233009708738)"
complex.47456_1_corrected_H_0001,"(0.007707129094412331, 0.007751937984496124, 0.007751937984496124)"
complex.47488_2_corrected_H_0001,"(0.011560693641618497, 0.011627906976744186, 0.011627906976744186)"
complex.4748_6_corrected_H_0001,"(0.011560693641618497, 0.011650485436893204, 0.011650485436893204)"
complex.47506_7_corrected_H_0001,"(0.019267822736030827, 0.019417475728155338, 0.019417475728155338)"
complex.47527_1_corrected_H_0001,"(0.005780346820809248, 0.005825242718446602, 0.005825242718446602)"
complex.47577_5_corrected_H_0001,"(0.01348747591522158, 0.009689922480620155, 0.011304909560723513)"
complex.47676_3_corrected_H_0001,"(0.019267822736030827, 0.015533980582524271, 0.014757281553398057)"
complex.47785_5_corrected_H_0001,"(0.011560693641618497, 0.011627906976744186, 0.011627906976744186)"
complex.47803_5_corrected_H_0001,"(0.023121387283236993, 0.02330097087378641, 0.02330097087378641)"
complex.47818_1_corrected_H_0001,"(0.017341040462427744, 0.017475728155339806, 0.017475728155339806)"
complex.47890_4_corrected_H_0001,"(0.007707129094412331, 0.007766990291262136, 0.007766990291262136)"
complex.48033_9_corrected_H_0001,"(0.005780346820809248, 0.005825242718446602, 0.005825242718446602)"
complex.48071_6_corrected_H_0001,"(0.015414258188824663, 0.015533980582524271, 0.015533980582524271)"
complex.48089_9_corrected_H_0001,"(0.005780346820809248, 0.005813953488372093, 0.005813953488372093)"
complex.48107_2_corrected_H_0001,"(0.01348747591522158, 0.013565891472868217, 0.013565891472868217)"
complex.48143_4_corrected_H_0001,"(0.005780346820809248, 0.005825242718446602, 0.005825242718446602)"
complex.48172_0_corrected_H_0001,"(0.017341040462427744, 0.017475728155339806, 0.017475728155339806)"
complex.48191_9_corrected_H_0001,"(0.005780346820809248, 0.005825242718446602, 0.005825242718446602)"
complex.48219_0_corrected_H_0001,"(0.005780346820809248, 0.005825242718446602, 0.005825242718446602)"
complex.48305_1_corrected_H_0001,"(0.01348747591522158, 0.011627906976744186, 0.012112403100775194)"
complex.48348_8_corrected_H_0001,"(0.011560693641618497, 0.011650485436893204, 0.011650485436893204)"
complex.48390_5_corrected_H_0001,"(0.017341040462427744, 0.017475728155339806, 0.017475728155339806)"
complex.48481_5_corrected_H_0001,"(0.011560693641618497, 0.011650485436893204, 0.011650485436893204)"
complex.48520_9_corrected_H_0001,"(0.01348747591522158, 0.013565891472868217, 0.013565891472868217)"
complex.48532_2_corrected_H_0001,"(0.017341040462427744, 0.017475728155339806, 0.017475728155339806)"
complex.48642_9_corrected_H_0001,"(0.017341040462427744, 0.013592233009708738, 0.012815533980582524)"
complex.48674_7_corrected_H_0001,"(0.019267822736030827, 0.019417475728155338, 0.019417475728155338)"
complex.48709_8_corrected_H_0001,"(0.009633911368015413, 0.009708737864077669, 0.009708737864077669)"
complex.48713_0_corrected_H_0001,"(0.007707129094412331, 0.007751937984496124, 0.007751937984496124)"
complex.48769_2_corrected_H_0001,"(0.01348747591522158, 0.013592233009708738, 0.013592233009708738)"
complex.48870_7_corrected_H_0001,"(0.017341040462427744, 0.017475728155339806, 0.017475728155339806)"
complex.488_2_corrected_H_0001,"(0.015414258188824663, 0.011650485436893204, 0.01087378640776699)"
complex.48904_8_corrected_H_0001,"(0.015414258188824663, 0.015533980582524271, 0.015533980582524271)"
complex.48930_8_corrected_H_0001,"(0.023121387283236993, 0.021359223300970873, 0.02174757281553398)"
complex.48942_3_corrected_H_0001,"(0.009633911368015413, 0.009708737864077669, 0.009708737864077669)"
complex.48953_9_corrected_H_0001,"(0.005780346820809248, 0.005813953488372093, 0.005813953488372093)"
complex.49012_2_corrected_H_0001,"(0.017341040462427744, 0.017475728155339806, 0.017475728155339806)"
complex.49030_9_corrected_H_0001,"(0.015414258188824663, 0.015473887814313346, 0.015473887814313346)"
complex.49110_5_corrected_H_0001,"(0.005780346820809248, 0.005825242718446602, 0.005825242718446602)"
complex.4913_5_corrected_H_0001,"(0.011560693641618497, 0.009708737864077669, 0.010097087378640778)"
complex.49170_4_corrected_H_0001,"(0.015414258188824663, 0.007766990291262136, 0.007766990291262136)"
complex.4917_2_corrected_H_0001,"(0.023121387283236993, 0.017475728155339806, 0.0170873786407767)"
complex.49203_9_corrected_H_0001,"(0.009633911368015413, 0.009689922480620155, 0.009689922480620155)"
complex.49214_2_corrected_H_0001,"(0.011560693641618497, 0.01160541586073501, 0.01160541586073501)"
complex.49222_8_corrected_H_0001,"(0.019267822736030827, 0.013592233009708738, 0.01320388349514563)"
complex.49286_6_corrected_H_0001,"(0.009633911368015413, 0.009708737864077669, 0.009708737864077669)"
complex.49294_6_corrected_H_0001,"(0.019267822736030827, 0.013592233009708738, 0.01320388349514563)"
complex.49412_7_corrected_H_0001,"(0.015414258188824663, 0.015533980582524271, 0.015533980582524271)"
complex.49430_9_corrected_H_0001,"(0.011560693641618497, 0.011627906976744186, 0.011627906976744186)"
complex.49451_5_corrected_H_0001,"(0.01348747591522158, 0.013592233009708738, 0.013592233009708738)"
complex.49515_0_corrected_H_0001,"(0.009633911368015413, 0.009689922480620155, 0.009689922480620155)"
complex.49569_4_corrected_H_0001,"(0.01348747591522158, 0.011650485436893204, 0.012038834951456311)"
complex.49576_3_corrected_H_0001,"(0.007707129094412331, 0.007736943907156673, 0.007736943907156673)"
complex.49576_5_corrected_H_0001,"(0.015414258188824663, 0.013592233009708738, 0.013980582524271845)"
complex.49594_4_corrected_H_0001,"(0.02119460500963391, 0.02131782945736434, 0.02131782945736434)"
complex.49601_4_corrected_H_0001,"(0.017341040462427744, 0.017475728155339806, 0.017475728155339806)"
complex.49660_1_corrected_H_0001,"(0.011560693641618497, 0.011627906976744186, 0.011627906976744186)"
complex.49676_7_corrected_H_0001,"(0.01348747591522158, 0.013539651837524178, 0.013539651837524178)"
complex.49679_1_corrected_H_0001,"(0.005780346820809248, 0.005825242718446602, 0.005825242718446602)"
complex.49683_4_corrected_H_0001,"(0.01348747591522158, 0.013592233009708738, 0.013592233009708738)"
complex.4974_2_corrected_H_0001,"(0.02119460500963391, 0.021359223300970873, 0.021359223300970873)"
complex.49809_0_corrected_H_0001,"(0.017341040462427744, 0.017475728155339806, 0.017475728155339806)"
complex.49828_3_corrected_H_0001,"(0.011560693641618497, 0.007766990291262136, 0.00854368932038835)"
complex.49895_3_corrected_H_0001,"(0.011560693641618497, 0.009708737864077669, 0.010097087378640778)"
complex.49917_0_corrected_H_0001,"(0.009633911368015413, 0.009689922480620155, 0.009689922480620155)"
complex.49977_2_corrected_H_0001,"(0.01348747591522158, 0.009708737864077669, 0.010485436893203885)"
complex.50003_1_corrected_H_0001,"(0.011560693641618497, 0.011627906976744186, 0.011627906976744186)"
complex.50032_8_corrected_H_0001,"(0.017341040462427744, 0.011650485436893204, 0.011262135922330097)"
complex.50127_3_corrected_H_0001,"(0.02697495183044316, 0.021359223300970873, 0.02097087378640777)"
complex.50131_3_corrected_H_0001,"(0.011560693641618497, 0.009708737864077669, 0.010097087378640778)"
complex.50140_5_corrected_H_0001,"(0.009633911368015413, 0.009708737864077669, 0.009708737864077669)"
complex.50151_0_corrected_H_0001,"(0.009633911368015413, 0.005825242718446602, 0.005048543689320389)"
complex.50184_6_corrected_H_0001,"(0.015414258188824663, 0.015533980582524271, 0.015533980582524271)"
complex.50363_1_corrected_H_0001,"(0.015414258188824663, 0.013592233009708738, 0.013980582524271845)"
complex.50447_8_corrected_H_0001,"(0.011560693641618497, 0.011650485436893204, 0.011650485436893204)"
complex.50508_8_corrected_H_0001,"(0.007707129094412331, 0.007751937984496124, 0.007751937984496124)"
complex.50513_0_corrected_H_0001,"(0.005780346820809248, 0.005825242718446602, 0.005825242718446602)"
complex.50579_5_corrected_H_0001,"(0.01348747591522158, 0.013592233009708738, 0.013592233009708738)"
complex.50687_8_corrected_H_0001,"(0.017341040462427744, 0.013592233009708738, 0.012815533980582524)"
complex.50688_9_corrected_H_0001,"(0.007707129094412331, 0.007751937984496124, 0.007751937984496124)"
complex.50724_2_corrected_H_0001,"(0.02119460500963391, 0.013592233009708738, 0.013592233009708738)"
complex.50757_3_corrected_H_0001,"(0.005780346820809248, 0.005825242718446602, 0.005825242718446602)"
complex.50782_3_corrected_H_0001,"(0.007707129094412331, 0.003883495145631068, 0.004660194174757281)"
complex.5089_8_corrected_H_0001,"(0.023121387283236993, 0.017475728155339806, 0.0170873786407767)"
complex.50917_1_corrected_H_0001,"(0.015414258188824663, 0.015533980582524271, 0.015533980582524271)"
complex.51021_0_corrected_H_0001,"(0.015414258188824663, 0.009708737864077669, 0.009320388349514562)"
complex.51091_8_corrected_H_0001,"(0.025048169556840076, 0.017475728155339806, 0.017475728155339806)"
complex.51138_1_corrected_H_0001,"(0.005780346820809248, 0.005825242718446602, 0.005825242718446602)"
complex.51210_1_corrected_H_0001,"(0.011560693641618497, 0.011650485436893204, 0.011650485436893204)"
complex.51225_7_corrected_H_0001,"(0.005780346820809248, 0.005813953488372093, 0.005813953488372093)"
complex.51277_2_corrected_H_0001,"(0.005780346820809248, 0.005825242718446602, 0.005825242718446602)"
complex.51312_1_corrected_H_0001,"(0.01348747591522158, 0.013592233009708738, 0.013592233009708738)"
complex.51357_7_corrected_H_0001,"(0.005780346820809248, 0.005825242718446602, 0.005825242718446602)"
complex.51359_2_corrected_H_0001,"(0.023121387283236993, 0.017475728155339806, 0.0170873786407767)"
complex.51399_4_corrected_H_0001,"(0.011560693641618497, 0.011650485436893204, 0.011650485436893204)"
complex.51420_9_corrected_H_0001,"(0.015414258188824663, 0.011650485436893204, 0.012427184466019418)"
complex.51549_9_corrected_H_0001,"(0.02119460500963391, 0.02131782945736434, 0.02131782945736434)"
complex.51551_1_corrected_H_0001,"(0.009633911368015413, 0.007766990291262136, 0.008155339805825243)"
complex.51597_2_corrected_H_0001,"(0.009633911368015413, 0.009708737864077669, 0.009708737864077669)"
complex.51609_4_corrected_H_0001,"(0.009633911368015413, 0.009708737864077669, 0.009708737864077669)"
complex.51661_1_corrected_H_0001,"(0.007707129094412331, 0.007751937984496124, 0.007751937984496124)"
complex.51775_0_corrected_H_0001,"(0.01348747591522158, 0.013592233009708738, 0.013592233009708738)"
complex.51784_8_corrected_H_0001,"(0.005780346820809248, 0.001941747572815534, 0.0027184466019417475)"
complex.51852_4_corrected_H_0001,"(0.019267822736030827, 0.019417475728155338, 0.019417475728155338)"
complex.51941_1_corrected_H_0001,"(0.017341040462427744, 0.013592233009708738, 0.014368932038834952)"
complex.51961_1_corrected_H_0001,"(0.007707129094412331, 0.007766990291262136, 0.007766990291262136)"
complex.5198_9_corrected_H_0001,"(0.01348747591522158, 0.013592233009708738, 0.013592233009708738)"
complex.52051_2_corrected_H_0001,"(0.0038535645472061657, 0.003875968992248062, 0.003875968992248062)"
complex.52089_9_corrected_H_0001,"(0.007707129094412331, 0.007766990291262136, 0.007766990291262136)"
complex.52110_1_corrected_H_0001,"(0.009633911368015413, 0.009689922480620155, 0.009689922480620155)"
complex.52127_5_corrected_H_0001,"(0.011560693641618497, 0.011650485436893204, 0.011650485436893204)"
complex.52127_7_corrected_H_0001,"(0.007707129094412331, 0.007736943907156673, 0.007736943907156673)"
complex.52132_5_corrected_H_0001,"(0.009633911368015413, 0.007766990291262136, 0.008155339805825243)"
complex.52199_2_corrected_H_0001,"(0.017341040462427744, 0.01744186046511628, 0.01744186046511628)"
complex.52348_9_corrected_H_0001,"(0.009633911368015413, 0.009708737864077669, 0.009708737864077669)"
complex.52367_0_corrected_H_0001,"(0.015414258188824663, 0.015533980582524271, 0.015533980582524271)"
complex.52379_4_corrected_H_0001,"(0.01348747591522158, 0.013565891472868217, 0.013565891472868217)"
complex.52392_2_corrected_H_0001,"(0.019267822736030827, 0.019417475728155338, 0.019417475728155338)"
complex.5239_8_corrected_H_0001,"(0.019267822736030827, 0.017475728155339806, 0.01786407766990291)"
complex.52415_7_corrected_H_0001,"(0.01348747591522158, 0.013592233009708738, 0.013592233009708738)"
complex.52441_6_corrected_H_0001,"(0.005780346820809248, 0.003883495145631068, 0.004271844660194175)"
complex.52450_6_corrected_H_0001,"(0.023121387283236993, 0.021359223300970873, 0.02174757281553398)"
complex.52481_2_corrected_H_0001,"(0.011560693641618497, 0.011650485436893204, 0.011650485436893204)"
complex.52620_3_corrected_H_0001,"(0.005780346820809248, 0.005813953488372093, 0.005813953488372093)"
complex.52638_3_corrected_H_0001,"(0.009633911368015413, 0.009708737864077669, 0.009708737864077669)"
complex.52685_5_corrected_H_0001,"(0.005780346820809248, 0.005825242718446602, 0.005825242718446602)"
complex.52882_2_corrected_H_0001,"(0.015414258188824663, 0.009708737864077669, 0.009320388349514562)"
complex.53029_7_corrected_H_0001,"(0.017341040462427744, 0.015533980582524271, 0.015922330097087378)"
complex.53041_6_corrected_H_0001,"(0.011560693641618497, 0.009689922480620155, 0.010174418604651164)"
complex.53126_2_corrected_H_0001,"(0.009633911368015413, 0.009689922480620155, 0.009689922480620155)"
complex.5318_5_corrected_H_0001,"(0.009633911368015413, 0.009708737864077669, 0.009708737864077669)"
complex.53274_4_corrected_H_0001,"(0.01348747591522158, 0.009689922480620155, 0.01065891472868217)"
complex.53350_9_corrected_H_0001,"(0.005780346820809248, 0.005813953488372093, 0.005813953488372093)"
complex.53384_4_corrected_H_0001,"(0.015414258188824663, 0.013592233009708738, 0.013980582524271845)"
complex.533_1_corrected_H_0001,"(0.019267822736030827, 0.019417475728155338, 0.019417475728155338)"
complex.53446_7_corrected_H_0001,"(0.01348747591522158, 0.013592233009708738, 0.013592233009708738)"
complex.53466_1_corrected_H_0001,"(0.007707129094412331, 0.007766990291262136, 0.007766990291262136)"
complex.53506_6_corrected_H_0001,"(0.009633911368015413, 0.007766990291262136, 0.008155339805825243)"
complex.53522_9_corrected_H_0001,"(0.007707129094412331, 0.007751937984496124, 0.007751937984496124)"
complex.53701_1_corrected_H_0001,"(0.009633911368015413, 0.009708737864077669, 0.009708737864077669)"
complex.53774_3_corrected_H_0001,"(0.01348747591522158, 0.013592233009708738, 0.013592233009708738)"
complex.5377_1_corrected_H_0001,"(0.01348747591522158, 0.009689922480620155, 0.01065891472868217)"
complex.53835_2_corrected_H_0001,"(0.02119460500963391, 0.019342359767891684, 0.01998710509348807)"
complex.53855_9_corrected_H_0001,"(0.011560693641618497, 0.007766990291262136, 0.00854368932038835)"
complex.53857_7_corrected_H_0001,"(0.009633911368015413, 0.007751937984496124, 0.008236434108527133)"
complex.53945_3_corrected_H_0001,"(0.017341040462427744, 0.017475728155339806, 0.017475728155339806)"
complex.5401_3_corrected_H_0001,"(0.015414258188824663, 0.015533980582524271, 0.015533980582524271)"
complex.5414_1_corrected_H_0001,"(0.017341040462427744, 0.017475728155339806, 0.017475728155339806)"
complex.5444_8_corrected_H_0001,"(0.019267822736030827, 0.019417475728155338, 0.019417475728155338)"
complex.5502_5_corrected_H_0001,"(0.015414258188824663, 0.011650485436893204, 0.012427184466019418)"
complex.5658_4_corrected_H_0001,"(0.01348747591522158, 0.013592233009708738, 0.013592233009708738)"
complex.5662_9_corrected_H_0001,"(0.01348747591522158, 0.013592233009708738, 0.013592233009708738)"
complex.5663_1_corrected_H_0001,"(0.015414258188824663, 0.015533980582524271, 0.015533980582524271)"
complex.5742_2_corrected_H_0001,"(0.011560693641618497, 0.011650485436893204, 0.011650485436893204)"
complex.5885_8_corrected_H_0001,"(0.017341040462427744, 0.017475728155339806, 0.017475728155339806)"
complex.6041_4_corrected_H_0001,"(0.019267822736030827, 0.017475728155339806, 0.01786407766990291)"
complex.6070_3_corrected_H_0001,"(0.011560693641618497, 0.011627906976744186, 0.011627906976744186)"
complex.6108_5_corrected_H_0001,"(0.03275529865125241, 0.02524271844660194, 0.02524271844660194)"
complex.6282_6_corrected_H_0001,"(0.01348747591522158, 0.013618677042801557, 0.013618677042801557)"
complex.6353_3_corrected_H_0001,"(0.01348747591522158, 0.013565891472868217, 0.013565891472868217)"
complex.6415_0_corrected_H_0001,"(0.015414258188824663, 0.011650485436893204, 0.012427184466019418)"
complex.6469_4_corrected_H_0001,"(0.019267822736030827, 0.019417475728155338, 0.019417475728155338)"
complex.6472_7_corrected_H_0001,"(0.023121387283236993, 0.023255813953488372, 0.023255813953488372)"
complex.6483_7_corrected_H_0001,"(0.011560693641618497, 0.011627906976744186, 0.011627906976744186)"
complex.6492_1_corrected_H_0001,"(0.009633911368015413, 0.009689922480620155, 0.009689922480620155)"
complex.6550_6_corrected_H_0001,"(0.011560693641618497, 0.011650485436893204, 0.011650485436893204)"
complex.6620_9_corrected_H_0001,"(0.011560693641618497, 0.011650485436893204, 0.011650485436893204)"
complex.6692_7_corrected_H_0001,"(0.015414258188824663, 0.015533980582524271, 0.015533980582524271)"
complex.6707_7_corrected_H_0001,"(0.025048169556840076, 0.023255813953488372, 0.02374031007751938)"
complex.6718_8_corrected_H_0001,"(0.02119460500963391, 0.021359223300970873, 0.021359223300970873)"
complex.671_3_corrected_H_0001,"(0.025048169556840076, 0.023255813953488372, 0.02374031007751938)"
complex.6751_9_corrected_H_0001,"(0.015414258188824663, 0.015533980582524271, 0.015533980582524271)"
complex.6765_7_corrected_H_0001,"(0.011560693641618497, 0.011650485436893204, 0.011650485436893204)"
complex.6821_2_corrected_H_0001,"(0.015414258188824663, 0.015533980582524271, 0.015533980582524271)"
complex.6843_9_corrected_H_0001,"(0.01348747591522158, 0.009708737864077669, 0.010485436893203885)"
complex.7022_1_corrected_H_0001,"(0.030828516377649325, 0.02912621359223301, 0.029514563106796114)"
complex.7068_8_corrected_H_0001,"(0.015414258188824663, 0.013539651837524178, 0.014184397163120567)"
complex.7172_4_corrected_H_0001,"(0.015414258188824663, 0.013592233009708738, 0.013980582524271845)"
complex.7228_0_corrected_H_0001,"(0.01348747591522158, 0.013592233009708738, 0.013592233009708738)"
complex.7236_8_corrected_H_0001,"(0.019267822736030827, 0.015533980582524271, 0.016310679611650485)"
complex.7241_0_corrected_H_0001,"(0.01348747591522158, 0.013539651837524178, 0.013539651837524178)"
complex.7241_3_corrected_H_0001,"(0.025048169556840076, 0.021359223300970873, 0.02058252427184466)"
complex.7269_6_corrected_H_0001,"(0.015414258188824663, 0.015533980582524271, 0.015533980582524271)"
complex.7289_4_corrected_H_0001,"(0.017341040462427744, 0.017475728155339806, 0.017475728155339806)"
complex.729_9_corrected_H_0001,"(0.025048169556840076, 0.019417475728155338, 0.019029126213592235)"
complex.7369_5_corrected_H_0001,"(0.03275529865125241, 0.02912621359223301, 0.028349514563106797)"
complex.739_6_corrected_H_0001,"(0.015414258188824663, 0.015503875968992248, 0.015503875968992248)"
complex.7439_7_corrected_H_0001,"(0.011560693641618497, 0.009708737864077669, 0.010097087378640778)"
complex.7440_7_corrected_H_0001,"(0.01348747591522158, 0.011650485436893204, 0.012038834951456311)"
complex.7461_1_corrected_H_0001,"(0.015414258188824663, 0.013592233009708738, 0.013980582524271845)"
complex.7562_4_corrected_H_0001,"(0.019267822736030827, 0.019417475728155338, 0.019417475728155338)"
complex.7585_8_corrected_H_0001,"(0.009633911368015413, 0.009708737864077669, 0.009708737864077669)"
complex.7587_3_corrected_H_0001,"(0.025048169556840076, 0.02330097087378641, 0.023689320388349512)"
complex.7598_5_corrected_H_0001,"(0.01348747591522158, 0.013592233009708738, 0.013592233009708738)"
complex.7817_9_corrected_H_0001,"(0.019267822736030827, 0.015533980582524271, 0.016310679611650485)"
complex.792_4_corrected_H_0001,"(0.030828516377649325, 0.015533980582524271, 0.0170873786407767)"
complex.7994_9_corrected_H_0001,"(0.017341040462427744, 0.01160541586073501, 0.012250161186331399)"
complex.8006_9_corrected_H_0001,"(0.015414258188824663, 0.013592233009708738, 0.013980582524271845)"
complex.8012_5_corrected_H_0001,"(0.015414258188824663, 0.015533980582524271, 0.015533980582524271)"
complex.8022_8_corrected_H_0001,"(0.015414258188824663, 0.011650485436893204, 0.01087378640776699)"
complex.8045_5_corrected_H_0001,"(0.02119460500963391, 0.015533980582524271, 0.015145631067961164)"
complex.8067_5_corrected_H_0001,"(0.025048169556840076, 0.02330097087378641, 0.023689320388349512)"
complex.8085_3_corrected_H_0001,"(0.009633911368015413, 0.009708737864077669, 0.009708737864077669)"
complex.8164_7_corrected_H_0001,"(0.01348747591522158, 0.013592233009708738, 0.013592233009708738)"
complex.8169_5_corrected_H_0001,"(0.019267822736030827, 0.017475728155339806, 0.01786407766990291)"
complex.8172_0_corrected_H_0001,"(0.01348747591522158, 0.009708737864077669, 0.010485436893203885)"
complex.8318_9_corrected_H_0001,"(0.019267822736030827, 0.019417475728155338, 0.019417475728155338)"
complex.8395_8_corrected_H_0001,"(0.017341040462427744, 0.017475728155339806, 0.017475728155339806)"
complex.8452_1_corrected_H_0001,"(0.01348747591522158, 0.013592233009708738, 0.013592233009708738)"
complex.8457_1_corrected_H_0001,"(0.019267822736030827, 0.019417475728155338, 0.019417475728155338)"
complex.8486_8_corrected_H_0001,"(0.017341040462427744, 0.017475728155339806, 0.017475728155339806)"
complex.8499_5_corrected_H_0001,"(0.01348747591522158, 0.013592233009708738, 0.013592233009708738)"
complex.8508_9_corrected_H_0001,"(0.015414258188824663, 0.015533980582524271, 0.015533980582524271)"
complex.8591_9_corrected_H_0001,"(0.011560693641618497, 0.007751937984496124, 0.00872093023255814)"
complex.8608_8_corrected_H_0001,"(0.011560693641618497, 0.011650485436893204, 0.011650485436893204)"
complex.8632_9_corrected_H_0001,"(0.017341040462427744, 0.013592233009708738, 0.014368932038834952)"
complex.8655_3_corrected_H_0001,"(0.009633911368015413, 0.009689922480620155, 0.009689922480620155)"
complex.8716_3_corrected_H_0001,"(0.017341040462427744, 0.017475728155339806, 0.017475728155339806)"
complex.8766_3_corrected_H_0001,"(0.009633911368015413, 0.009708737864077669, 0.009708737864077669)"
complex.8784_2_corrected_H_0001,"(0.01348747591522158, 0.011650485436893204, 0.012038834951456311)"
complex.8801_3_corrected_H_0001,"(0.01348747591522158, 0.013592233009708738, 0.013592233009708738)"
complex.8803_5_corrected_H_0001,"(0.017341040462427744, 0.017475728155339806, 0.017475728155339806)"
complex.8872_9_corrected_H_0001,"(0.017341040462427744, 0.017475728155339806, 0.017475728155339806)"
complex.8950_5_corrected_H_0001,"(0.015414258188824663, 0.011650485436893204, 0.012427184466019418)"
complex.8979_3_corrected_H_0001,"(0.01348747591522158, 0.013565891472868217, 0.013565891472868217)"
complex.9006_7_corrected_H_0001,"(0.009633911368015413, 0.009708737864077669, 0.009708737864077669)"
complex.9015_3_corrected_H_0001,"(0.019267822736030827, 0.015533980582524271, 0.016310679611650485)"
complex.905_9_corrected_H_0001,"(0.017341040462427744, 0.013592233009708738, 0.014368932038834952)"
complex.9105_6_corrected_H_0001,"(0.01348747591522158, 0.013592233009708738, 0.013592233009708738)"
complex.9245_1_corrected_H_0001,"(0.01348747591522158, 0.013565891472868217, 0.013565891472868217)"
complex.9265_9_corrected_H_0001,"(0.01348747591522158, 0.013592233009708738, 0.013592233009708738)"
complex.9304_9_corrected_H_0001,"(0.01348747591522158, 0.013592233009708738, 0.013592233009708738)"
complex.9343_6_corrected_H_0001,"(0.017341040462427744, 0.013592233009708738, 0.014368932038834952)"
complex.9467_9_corrected_H_0001,"(0.009633911368015413, 0.009708737864077669, 0.009708737864077669)"
complex.9518_2_corrected_H_0001,"(0.011560693641618497, 0.011650485436893204, 0.011650485436893204)"
complex.9524_6_corrected_H_0001,"(0.011560693641618497, 0.009708737864077669, 0.010097087378640778)"
complex.9553_4_corrected_H_0001,"(0.011560693641618497, 0.011650485436893204, 0.011650485436893204)"
complex.9557_1_corrected_H_0001,"(0.007707129094412331, 0.007766990291262136, 0.007766990291262136)"
complex.9558_1_corrected_H_0001,"(0.01348747591522158, 0.013565891472868217, 0.013565891472868217)"
complex.956_5_corrected_H_0001,"(0.017341040462427744, 0.015533980582524271, 0.015922330097087378)"
complex.9665_5_corrected_H_0001,"(0.015414258188824663, 0.015533980582524271, 0.015533980582524271)"
complex.9678_5_corrected_H_0001,"(0.01348747591522158, 0.013592233009708738, 0.013592233009708738)"
complex.970_7_corrected_H_0001,"(0.019267822736030827, 0.017475728155339806, 0.01786407766990291)"
complex.9771_9_corrected_H_0001,"(0.019267822736030827, 0.015533980582524271, 0.016310679611650485)"
complex.9791_6_corrected_H_0001,"(0.011560693641618497, 0.011650485436893204, 0.011650485436893204)"
complex.9793_2_corrected_H_0001,"(0.015414258188824663, 0.015533980582524271, 0.015533980582524271)"
complex.9857_1_corrected_H_0001,"(0.019267822736030827, 0.01937984496124031, 0.01937984496124031)"
complex.9858_9_corrected_H_0001,"(0.011560693641618497, 0.011627906976744186, 0.011627906976744186)"
